 10027    473      0.0000     38.1705     6275.7010      730.8160     0.0000     9.4807    1.1706E+00    4.7824E-01    3.6000E-01      4793   3917    946    476   2.90    1.1995E-01    5.7380E+00
 10008    487      3.0000     38.7198     6263.2560     1015.5700     0.2870    40.6865    1.1823E+00    4.7250E-01    4.2000E-01      4519   3647    776    580   3.01    1.3217E-01    9.1950E+00
 10000    489      6.0000     50.9811     6025.0210     1654.0920    17.5810    36.0351    1.4027E+00    6.1571E-01    7.0500E-01      4493   2595    871   1219   2.72    1.5797E-01    1.0837E+01
  9985    492     10.0000     60.4649     5761.1010     1658.7040     6.1880    44.4037    1.5498E+00    6.2803E-01    7.3500E-01      4495   2097    703   1047   2.60    1.5171E-01    1.8163E+01
  9980    490     13.0000     65.0320     5680.8380     1369.3760    15.7600    46.0363    1.6197E+00    6.4000E-01    7.0500E-01      4480   1926    667    835   2.48    1.9481E-01    2.2127E+01
  9970    491     17.0000     68.2289     5631.7360     1220.7140    22.7530    46.2604    1.6685E+00    6.1469E-01    6.4500E-01      4427   1877    616    697   2.45    1.9905E-01    3.4761E+01
  9957    487     20.0000     71.8342     5586.7550     1000.0380    26.4210    46.0976    1.7235E+00    6.4203E-01    6.0000E-01      4343   1686    634    532   2.38    1.9278E-01    3.1346E+01
  9941    487     24.0000     74.0241     5524.8540      774.6540    24.6510    45.9281    1.7535E+00    6.6056E-01    5.8500E-01      4251   1526    595    431   2.35    1.9808E-01    1.0325E+01
  9933    485     27.0000     75.2175     5488.2410     1432.4480    22.5100    44.6661    1.7692E+00    6.5488E-01    7.5000E-01      4252   1536    580    819   2.36    2.0857E-01    3.0103E+01
  9919    485     31.0000     79.8550     5440.1560     1118.0600    23.1320    45.6147    1.8373E+00    6.8124E-01    6.9000E-01      4195   1414    578    601   2.28    2.1005E-01    2.7526E+01
  9905    485     34.0000     81.5361     5380.5150     1155.1120    23.6570    44.6661    1.8577E+00    6.6655E-01    6.9000E-01      4158   1338    552    604   2.36    1.8906E-01    3.9216E+01
  9890    483     38.0000     87.9537     5306.2770     1312.3380    18.7360    44.5154    1.9467E+00    7.4407E-01    8.2500E-01      4256   1243    627    800   2.22    2.0257E-01    1.8981E+01
  9881    481     41.0000     88.1390     5272.1690     1000.1780    36.7770    44.8506    1.9463E+00    7.2484E-01    7.0500E-01      4199   1253    585    546   2.32    2.1346E-01    2.6422E+01
  9872    481     45.0000     91.9908     5243.2140      826.3800    44.7690    44.4460    1.9999E+00    6.8042E-01    6.0000E-01      4134   1208    509    387   2.22    2.2293E-01    2.3959E+01
  9869    480     48.0000     94.3793     5220.5730      881.8800    47.4560    43.9347    2.0318E+00    7.2451E-01    6.6000E-01      4162   1124    542    423   2.30    1.9197E-01    2.4107E+01
  9859    479     51.0000     96.8908     5161.2280     1095.2320    34.4310    43.6555    2.0611E+00    7.3153E-01    7.6500E-01      4116   1072    529    586   2.19    2.3406E-01    2.1709E+01
  9857    478     55.0000    102.5751     5158.1430     1222.3840    41.7410    44.5273    2.1408E+00    7.9976E-01    8.7000E-01      4059    940    539    660   2.06    2.5479E-01    1.5298E+01
  9855    477     58.0000    100.7411     5144.8120     1064.0420    61.5370    44.8987    2.1136E+00    7.3433E-01    7.5000E-01      4030   1006    478    508   2.08    2.2238E-01    2.5123E+01
  9833    477     62.0000    105.7136     5127.9930      836.0360    98.8080    44.6785    2.1831E+00    7.2591E-01    6.6000E-01      4054   1018    478    378   2.06    2.1010E-01    2.5036E+01
  9791    475     65.0000    103.2002     5082.3290      708.0080   109.6300    44.2821    2.1473E+00    7.3555E-01    6.3000E-01      4081   1036    502    360   2.06    2.0992E-01    3.7458E+01
  9734    470     69.0000    101.3139     5048.4050      857.4100   104.5750    44.6334    2.1236E+00    6.9640E-01    6.4500E-01      3955    960    429    359   2.04    2.1664E-01    1.0676E+01
  9663    468     72.0000    108.4537     4984.0690      724.3820    85.0190    44.3706    2.2222E+00    7.0549E-01    5.7000E-01      3977    922    440    277   2.00    1.9871E-01    3.8590E+01
  9594    464     76.0000    109.1426     4925.9180      630.2520    65.6620    44.1106    2.2323E+00    7.5708E-01    6.1500E-01      3923    940    478    271   1.97    2.4338E-01    4.9520E+01
  9550    463     79.0000    111.0770     4896.6890      819.5960    55.0510    44.1704    2.2602E+00    7.7783E-01    7.0500E-01      3904    835    473    395   1.94    2.0623E-01    2.5983E+01
  9509    461     83.0000    114.6182     4880.1420      594.3240    49.6680    44.1387    2.3112E+00    7.8316E-01    6.3000E-01      3928    825    485    279   1.92    2.0192E-01    4.3434E+01
  9481    458     86.0000    109.3188     4855.0820      670.1320    41.8930    44.0004    2.2394E+00    7.2536E-01    6.0000E-01      3770    876    405    260   1.95    2.4468E-01    4.2732E+01
  9462    456     90.0000    113.6137     4844.0580      966.6040    39.3280    43.8323    2.2987E+00    7.3275E-01    7.3500E-01      3868    891    442    446   1.94    2.3479E-01    2.5096E+01
  9450    454     93.0000    118.8855     4822.6990      859.2260    43.6450    42.7888    2.3675E+00    7.0660E-01    6.6000E-01      3889    810    396    344   1.90    2.2205E-01    3.2870E+01
  9440    454     96.0000    117.9491     4809.9350      806.9500    44.6630    43.1058    2.3544E+00    7.4149E-01    6.7500E-01      3830    828    426    334   1.89    2.2325E-01    3.5012E+01
  9428    452    100.0000    120.3140     4778.5390      664.3660    39.9840    43.1862    2.3824E+00    7.3412E-01    5.8500E-01      3840    804    422    249   1.88    1.9972E-01    4.0558E+01
  9415    449    103.0000    121.5199     4765.4460      616.5320    35.9080    42.4047    2.3980E+00    7.0662E-01    5.4000E-01      3867    809    406    217   1.89    2.3065E-01    3.7223E+01
  9402    449    107.0000    122.1580     4740.8280      749.6840    36.2840    43.6571    2.4042E+00    7.5538E-01    6.6000E-01      3803    794    425    316   1.86    2.2594E-01    4.7683E+01
  9385    446    110.0000    121.9279     4717.7020      682.8860    35.7760    42.7315    2.3998E+00    7.3302E-01    6.3000E-01      3794    827    434    279   1.90    2.3698E-01    6.0955E+01
  9371    442    114.0000    122.3039     4697.8720      338.1060    47.5610    43.0587    2.4035E+00    7.6595E-01    3.9000E-01      3775    705    397    104   1.91    1.8082E-01    4.7320E+01
  9345    440    117.0000    122.2573     4681.2170      537.6540    49.5610    43.2567    2.4039E+00    7.0716E-01    5.1000E-01      3701    783    379    190   1.97    2.0628E-01    3.5530E+01
  9342    439    121.0000    122.7408     4667.7280      779.0560    41.6480    42.1913    2.4084E+00    7.6721E-01    6.9000E-01      3720    734    416    331   2.00    2.4178E-01    4.5897E+01
  9341    439    124.0000    135.9303     4647.6230      473.9960    45.1790    42.8999    2.5744E+00    8.0686E-01    5.1000E-01      3722    676    441    174   1.91    2.1851E-01    5.1876E+01
  9342    437    128.0000    132.3357     4633.2310      510.3240    83.0010    43.2085    2.5261E+00    8.2591E-01    5.7000E-01      3687    664    439    197   1.88    2.1361E-01    2.4831E+01
  9304    437    131.0000    132.6741     4609.1160      904.8980   161.7670    42.9620    2.5320E+00    8.5008E-01    8.5500E-01      3718    628    431    434   1.86    2.5023E-01    3.9823E+01
  9218    432    135.0000    130.1766     4574.9320      246.5220   204.5910    43.1812    2.5075E+00    8.6861E-01    4.5000E-01      3676    608    426     79   1.83    2.4944E-01    3.9946E+01
  9037    423    138.0000    128.4826     4499.5320      644.4240   185.8960    42.9936    2.5009E+00    7.8926E-01    6.7500E-01      3593    663    408    288   1.80    2.6154E-01    1.4305E+01
  8859    415    142.0000    126.3322     4420.8690      837.8440   145.9830    42.7251    2.4872E+00    7.9182E-01    7.8000E-01      3443    644    369    356   1.76    2.9213E-01    3.1200E+01
  8742    408    145.0000    129.4537     4354.3690      838.7900   112.0890    42.4748    2.5349E+00    8.4406E-01    8.4000E-01      3476    617    414    410   1.74    2.6678E-01    2.4631E+01
  8673    405    148.0000    131.8377     4317.7130      569.9300    91.1080    42.0793    2.5706E+00    8.3171E-01    6.9000E-01      3425    614    397    252   1.72    2.4197E-01    4.0790E+01
  8624    399    152.0000    131.3967     4290.0540      749.3540    75.1220    42.2982    2.5678E+00    8.3209E-01    7.6500E-01      3418    604    403    340   1.72    2.3889E-01    2.0287E+01
  8578    393    155.0000    130.2854     4264.4030      771.7360    56.2260    41.8768    2.5562E+00    8.0215E-01    7.6500E-01      3375    622    379    339   1.73    2.6547E-01    2.7732E+01
  8551    392    159.0000    129.8787     4242.1650      579.8100    46.2530    42.0138    2.5511E+00    7.5292E-01    6.0000E-01      3382    629    365    228   1.73    2.5535E-01    3.3564E+01
  8535    390    162.0000    134.1909     4226.1720      458.7480    42.1880    40.3066    2.6069E+00    8.3581E-01    6.1500E-01      3361    583    388    192   1.70    2.5606E-01    3.9202E+01
  8516    388    166.0000    134.0004     4208.3280      616.8900    37.4260    42.0067    2.6041E+00    8.6421E-01    7.3500E-01      3355    606    435    290   1.71    2.6604E-01    2.5910E+01
  8498    387    169.0000    136.3198     4183.3740      645.0420    31.2810    41.8389    2.6321E+00    8.0345E-01    7.2000E-01      3378    598    392    298   1.70    2.7642E-01    2.9082E+01
  8482    387    173.0000    137.8027     4175.6150      614.8780    33.6670    41.6969    2.6525E+00    8.5452E-01    7.5000E-01      3287    615    437    319   1.69    2.5815E-01    4.6987E+01
  8466    385    176.0000    132.7559     4169.9310      560.2660    41.3560    40.2036    2.5890E+00    8.2313E-01    6.9000E-01      3286    587    399    253   1.71    2.4101E-01    2.8625E+01
  8441    383    180.0000    135.8978     4154.9760      588.6840    41.2500    41.3710    2.6311E+00    8.8120E-01    7.0500E-01      3277    552    419    263   1.73    2.3153E-01    3.0781E+01
  8415    383    183.0000    126.0193     4137.6890      249.8280    49.0000    41.7479    2.5030E+00    7.9807E-01    4.2000E-01      3301    602    374     72   1.86    2.3328E-01    5.5586E+01
  8411    383    187.0000    130.9185     4133.9350      136.6260    46.5130    39.6273    2.5674E+00    8.3803E-01    2.8500E-01      3286    581    384     30   1.90    2.3157E-01    5.2551E+01
  8410    383    190.0000    149.6629     4123.2350      532.3060    48.2960    40.2580    2.8047E+00    8.7224E-01    6.9000E-01      3213    527    402    240   1.75    2.6415E-01    3.0717E+01
  8409    382    193.0000    152.4970     4119.7140      245.5000    74.8160    41.3473    2.8394E+00    8.6261E-01    4.5000E-01      3283    496    347     75   1.69    2.8377E-01    2.1352E+01
  8395    382    197.0000    147.2982     4109.6730      637.8560   150.3580    41.6664    2.7750E+00    8.4691E-01    7.5000E-01      3201    487    344    265   1.69    2.8033E-01    4.3762E+01
  8305    381    200.0000    135.6330     4071.4810      609.9400   205.3340    41.5609    2.6348E+00    8.2025E-01    7.3500E-01      3200    525    343    266   1.68    2.8224E-01    4.4443E+01
  8187    377    204.0000    131.4382     4021.2270      645.1600   199.0930    41.3165    2.5911E+00    8.4925E-01    7.6500E-01      3138    534    367    285   1.70    3.0995E-01    3.9853E+01
  8044    372    207.0000    137.7370     3969.8070      233.0380   170.6010    41.1560    2.6894E+00    8.6334E-01    4.5000E-01      3061    474    337     79   1.63    2.6473E-01    3.9910E+01
  7899    366    211.0000    137.3934     3909.5450      621.2660   124.3300    40.9684    2.6998E+00    8.5978E-01    7.8000E-01      3000    457    330    258   1.58    2.6404E-01    3.9249E+01
  7802    362    214.0000    138.7297     3870.2430      651.8440   100.9330    40.7874    2.7277E+00    8.1789E-01    7.6500E-01      2948    487    332    277   1.57    2.6741E-01    2.9693E+01
  7713    357    218.0000    132.8666     3829.9330      489.3260    76.3980    40.6723    2.6588E+00    8.3640E-01    6.7500E-01      3000    513    338    203   1.61    2.7197E-01    4.3741E+01
  7652    354    221.0000    139.5974     3802.7060      354.0580    55.8100    40.6356    2.7541E+00    8.8679E-01    5.8500E-01      2933    458    352    126   1.57    2.7294E-01    3.9227E+01
  7611    352    225.0000    137.1607     3784.4080      501.3800    50.8270    40.3974    2.7261E+00    8.1338E-01    6.7500E-01      2909    499    321    213   1.57    2.5809E-01    3.9031E+01
  7594    351    228.0000    137.1587     3773.1810      563.0140    52.7860    40.1893    2.7269E+00    8.3837E-01    7.3500E-01      2857    485    328    232   1.55    2.4640E-01    3.4217E+01
  7573    350    232.0000    130.8447     3766.9640      429.0220    50.7580    40.4045    2.6454E+00    8.3872E-01    6.3000E-01      2855    499    344    182   1.58    2.7178E-01    4.1816E+01
  7539    349    235.0000    142.1444     3750.8830      665.1580    56.7530    39.8689    2.7990E+00    8.6122E-01    8.1000E-01      2926    442    313    279   1.55    3.3197E-01    4.0102E+01
  7522    349    239.0000    133.9572     3744.1430      421.9340    66.5680    40.4092    2.6924E+00    7.5217E-01    5.8500E-01      2847    503    283    157   1.57    2.5173E-01    2.5328E+01
  7486    347    242.0000    135.8303     3728.7060      533.0280    64.6870    40.2607    2.7213E+00    8.2842E-01    7.0500E-01      2847    454    307    213   1.58    2.3456E-01    5.6753E+01
  7449    345    245.0000    136.0879     3708.6320      329.4240    61.5710    40.1877    2.7277E+00    7.9324E-01    5.1000E-01      2854    497    310    116   1.62    2.1661E-01    4.5097E+01
  7414    344    249.0000    129.3073     3691.0230      299.9740    62.8740    40.1844    2.6394E+00    8.1487E-01    4.6500E-01      2792    480    310     91   1.71    2.4273E-01    5.1572E+01
  7408    342    252.0000    130.2316     3686.0670      318.3280    62.8020    40.0831    2.6520E+00    7.6838E-01    4.6500E-01      2821    504    287     95   1.80    2.1626E-01    3.1276E+01
  7408    341    256.0000    141.2011     3682.1070      325.1220    49.5160    39.6132    2.7979E+00    7.9154E-01    4.9500E-01      2800    491    305    102   1.73    2.1732E-01    4.8108E+01
  7409    339    259.0000    155.6526     3675.9790      110.7160    60.8180    37.9835    2.9838E+00    8.5465E-01    2.5500E-01      2779    453    317     24   1.63    2.2987E-01    4.8331E+01
  7408    339    263.0000    149.8626     3675.7410      300.3240   143.7280    39.7420    2.9095E+00    8.2002E-01    4.6500E-01      2771    441    301     83   1.61    2.6014E-01    6.1176E+01
  7380    337    266.0000    138.2264     3654.8660      669.7980   234.6680    39.9837    2.7577E+00    8.6077E-01    8.5500E-01      2740    420    296    288   1.65    2.9023E-01    3.0672E+01
  7205    331    270.0000    135.3738     3580.9990      558.7060   264.3300    39.8752    2.7393E+00    8.1548E-01    7.5000E-01      2665    424    288    241   1.62    3.2455E-01    2.7623E+01
  6975    325    273.0000    130.9456     3487.9770      674.3700   232.6130    39.5264    2.7065E+00    8.4976E-01    8.7000E-01      2572    413    303    314   1.53    2.9690E-01    2.4181E+01
  6733    318    277.0000    126.3028     3398.1400      486.7060   177.6020    39.1774    2.6737E+00    8.5306E-01    7.5000E-01      2495    411    285    208   1.50    2.6646E-01    2.8839E+01
  6581    312    280.0000    131.2918     3338.4460      639.4840   141.1070    38.9141    2.7640E+00    8.8429E-01    8.8500E-01      2444    369    278    278   1.45    3.2834E-01    2.4139E+01
  6463    308    284.0000    118.4147     3295.1060      407.3660   103.9910    38.6809    2.5961E+00    8.4269E-01    6.3000E-01      2351    421    283    157   1.48    3.0023E-01    2.4571E+01
  6376    306    287.0000    124.2952     3258.7440      479.2900    84.7010    38.5691    2.6926E+00    7.9482E-01    6.7500E-01      2368    423    275    192   1.47    2.8325E-01    2.1027E+01
  6314    305    290.0000    126.7589     3229.6450      139.8700    64.3220    38.2573    2.7355E+00    8.2026E-01    3.4500E-01      2311    397    263     43   1.45    2.6446E-01    2.6293E+01
  6273    302    294.0000    122.5631     3214.6920      378.1380    51.5770    38.3947    2.6808E+00    8.0094E-01    5.7000E-01      2290    413    281    136   1.48    2.7871E-01    3.7367E+01
  6244    301    297.0000    129.5379     3192.7170      476.4600    43.9720    38.2785    2.7827E+00    9.1016E-01    7.6500E-01      2373    398    321    223   1.46    2.7013E-01    1.8086E+01
  6214    297    301.0000    124.8783     3183.1280      572.8720    37.8210    38.1698    2.7204E+00    9.0141E-01    8.7000E-01      2269    400    318    286   1.43    3.3718E-01    2.5796E+01
  6190    296    304.0000    129.3207     3172.0590      532.6580    37.7270    37.9161    2.7876E+00    8.9401E-01    8.1000E-01      2341    378    281    233   1.44    3.2027E-01    4.3565E+01
  6169    296    308.0000    127.4206     3160.7110      406.8180    40.5770    38.1747    2.7624E+00    8.6253E-01    6.9000E-01      2284    389    290    169   1.45    2.8138E-01    4.0156E+01
  6154    294    311.0000    124.5497     3152.1880      491.9380    49.1730    38.1396    2.7221E+00    8.5229E-01    7.3500E-01      2273    376    265    200   1.49    2.6722E-01    2.3274E+01
  6124    293    315.0000    120.2468     3134.7480      620.2800    53.7650    37.9798    2.6617E+00    8.5416E-01    8.5500E-01      2256    381    266    266   1.56    3.2159E-01    2.7682E+01
  6085    293    318.0000    115.2215     3119.5460      152.7900    55.7590    37.7389    2.5924E+00    8.2142E-01    3.9000E-01      2205    431    274     51   1.68    2.2478E-01    3.7713E+01
  6080    293    322.0000    127.9187     3115.5540      397.4040    58.8430    37.9689    2.7797E+00    8.5678E-01    6.9000E-01      2199    367    267    162   1.61    2.8899E-01    4.5506E+01
  6075    292    325.0000    134.9097     3109.2270      226.7180    71.6600    37.2267    2.8795E+00    8.2840E-01    4.6500E-01      2181    373    259     76   1.51    2.3570E-01    4.2531E+01
  6069    292    329.0000    131.4516     3104.7160      412.4000   110.7110    37.4587    2.8303E+00    8.1756E-01    6.6000E-01      2180    367    244    153   1.48    3.5155E-01    3.1785E+01
  6050    292    332.0000    124.7924     3095.8590      371.8460   162.1590    37.9410    2.7363E+00    7.5369E-01    6.0000E-01      2188    397    227    131   1.51    2.5946E-01    2.7437E+01
  5962    291    335.0000    123.0032     3064.4220      390.4180   195.4420    37.6554    2.7240E+00    8.2379E-01    6.3000E-01      2146    353    233    139   1.48    3.0143E-01    2.9898E+01
  5824    283    339.0000    119.2598     3011.4450      369.8940   212.8710    37.5833    2.6893E+00    7.6253E-01    6.0000E-01      2078    372    222    135   1.45    3.0369E-01    2.4864E+01
  5657    278    342.0000    115.3564     2945.0640      347.3320   186.1650    37.2903    2.6553E+00    7.6098E-01    5.8500E-01      2031    375    213    116   1.41    2.7106E-01    2.8220E+01
  5506    272    346.0000    115.2078     2883.0880      437.2640   155.0140    37.0532    2.6759E+00    7.9239E-01    7.0500E-01      2031    370    223    167   1.38    2.7083E-01    3.7307E+01
  5378    268    349.0000    106.8443     2836.6260      301.4120   128.1400    36.8732    2.5658E+00    7.7953E-01    5.8500E-01      1937    384    219    101   1.38    3.0131E-01    2.1065E+01
  5272    267    353.0000    112.2102     2794.3750      339.5700    99.5060    36.5887    2.6684E+00    7.9618E-01    5.8500E-01      1903    373    228    114   1.35    3.0653E-01    3.0811E+01
  5196    266    356.0000    112.1312     2769.1000      330.3020    82.6290    36.5132    2.6816E+00    7.9957E-01    6.1500E-01      1889    358    227    125   1.34    3.3737E-01    4.4038E+01
  5133    265    360.0000    106.7951     2744.9170      233.8960    65.4030    36.4324    2.6066E+00    7.2304E-01    4.5000E-01      1857    390    219     75   1.36    2.5851E-01    4.4178E+01
  5090    261    363.0000    108.9133     2724.2700      193.0460    51.1240    36.3766    2.6472E+00    7.7543E-01    4.0500E-01      1871    364    220     66   1.35    2.5000E-01    3.5753E+01
  5057    260    367.0000    112.1859     2713.2970      211.1160    45.2830    36.2503    2.7065E+00    7.6478E-01    4.5000E-01      1827    355    219     63   1.33    2.7315E-01    4.0375E+01
  5043    259    370.0000    105.8081     2707.4010      415.9260    38.1110    36.2490    2.6052E+00    8.0715E-01    7.0500E-01      1816    358    225    160   1.38    3.1333E-01    4.1347E+01
  5023    259    374.0000    105.4193     2699.7390      264.8020    31.2520    35.1014    2.6023E+00    7.2313E-01    4.9500E-01      1825    379    215     97   1.40    2.6660E-01    4.2928E+01
  5007    260    377.0000    109.0685     2694.4220      366.8740    32.9210    35.9958    2.6652E+00    7.2768E-01    6.0000E-01      1761    359    210    133   1.41    2.5995E-01    3.9214E+01
  4974    256    381.0000    108.3870     2679.6590      329.4380    36.8360    35.6520    2.6594E+00    7.5049E-01    5.7000E-01      1794    384    224    123   1.42    2.8289E-01    2.8387E+01
  4955    256    384.0000    103.1436     2671.3390      189.7760    48.0400    35.2152    2.5760E+00    7.8236E-01    4.6500E-01      1769    383    227     70   1.53    2.5299E-01    4.1156E+01
  4951    256    387.0000    104.5158     2665.7460      207.4060    54.4590    35.8487    2.5982E+00    8.1119E-01    4.6500E-01      1772    341    216     64   1.57    2.5234E-01    4.3140E+01
  4946    255    391.0000    110.9777     2662.3860      389.1260    61.0150    35.6870    2.7046E+00    8.2925E-01    6.9000E-01      1745    331    221    150   1.49    2.9478E-01    4.2773E+01
  4939    255    394.0000    122.8069     2654.7350      113.1200    74.9410    35.4591    2.8931E+00    8.1893E-01    3.3000E-01      1754    331    215     34   1.42    2.7906E-01    3.9652E+01
  4922    254    398.0000    117.8202     2642.5740      309.7300   120.7650    35.7901    2.8156E+00    7.7916E-01    6.3000E-01      1746    342    201    122   1.40    2.9603E-01    2.5700E+01
  4874    253    401.0000    114.1449     2625.0140      342.8620   186.2640    35.9013    2.7663E+00    7.7009E-01    6.6000E-01      1745    336    183    126   1.39    2.9517E-01    3.6533E+01
  4749    251    405.0000    105.3169     2583.2970      315.9840   222.3490    35.7107    2.6472E+00    7.6001E-01    5.8500E-01      1669    302    173    103   1.35    2.8131E-01    3.9953E+01
  4577    241    408.0000     93.5810     2516.9920      224.4080   211.5820    35.4484    2.4779E+00    7.2926E-01    4.6500E-01      1604    338    176     68   1.37    2.8364E-01    4.6397E+01
  4419    230    412.0000     98.0519     2456.4230      331.6880   181.9140    35.1588    2.5875E+00    6.8810E-01    5.7000E-01      1584    339    174    115   1.34    3.1073E-01    3.0436E+01
  4255    222    415.0000     91.9952     2399.8400       76.4660   148.8700    34.8797    2.5150E+00    6.9589E-01    2.5500E-01      1500    320    156     15   1.29    2.7486E-01    4.3461E+01
  4134    217    419.0000     89.4092     2349.0550      154.7000   119.5680    34.6304    2.4912E+00    7.4226E-01    3.6000E-01      1457    304    174     40   1.27    2.3113E-01    4.6913E+01
  4043    213    422.0000     87.2360     2309.5400      246.6780    90.6720    34.4063    2.4683E+00    6.9734E-01    4.9500E-01      1414    316    154     72   1.25    2.7682E-01    4.3488E+01
  3971    208    426.0000     86.7661     2282.9660      311.1800    76.2000    34.2766    2.4755E+00    6.6589E-01    5.4000E-01      1400    339    160    104   1.26    2.9278E-01    3.9511E+01
  3938    207    429.0000     82.9195     2268.5270      260.9000    69.6380    34.1912    2.4083E+00    6.7043E-01    4.3500E-01      1359    348    154     76   1.27    2.5539E-01    4.4578E+01
  3893    204    432.0000     86.3189     2254.8800      201.3100    62.5840    33.9043    2.4851E+00    6.7912E-01    3.9000E-01      1380    317    156     54   1.26    2.3821E-01    3.7626E+01
  3858    204    436.0000     87.6741     2241.0080      265.8240    56.5840    33.9188    2.5189E+00    6.3811E-01    4.6500E-01      1354    312    150     79   1.26    2.7482E-01    2.8415E+01
  3824    202    439.0000     82.5624     2225.7240       58.6260    52.4680    33.6947    2.4269E+00    7.1352E-01    1.3500E-01      1321    322    164      9   1.30    2.0009E-01    5.0575E+01
  3796    202    443.0000     83.0896     2207.3790      216.0160    48.3300    33.7924    2.4408E+00    6.6263E-01    4.2000E-01      1324    323    147     66   1.36    2.5436E-01    4.4390E+01
  3768    203    446.0000     81.0682     2198.3930      239.7720    53.0970    33.4400    2.4080E+00    5.8489E-01    4.5000E-01      1299    361    139     71   1.47    2.6430E-01    4.9048E+01
  3761    202    450.0000     81.4323     2195.6630      198.3580    57.2880    32.9731    2.4168E+00    6.3735E-01    4.0500E-01      1304    326    155     54   1.52    2.4172E-01    4.8760E+01
  3761    201    453.0000     88.7644     2194.8860      136.4180    55.5730    32.1542    2.5595E+00    6.2593E-01    3.1500E-01      1312    312    145     36   1.46    2.5597E-01    4.1009E+01
  3761    200    457.0000     92.2928     2189.8400      200.0060    70.2590    31.6659    2.6248E+00    6.7573E-01    4.0500E-01      1280    320    150     58   1.39    2.6673E-01    4.0118E+01
  3750    200    460.0000     92.2020     2184.3090      142.3320   134.4910    33.5809    2.6253E+00    6.5014E-01    3.4500E-01      1298    302    144     40   1.36    2.2221E-01    4.4995E+01
  3709    199    464.0000     90.0112     2162.1930      102.3160   190.9050    33.6540    2.5912E+00    6.4970E-01    3.1500E-01      1292    286    129     24   1.34    2.9004E-01    4.7753E+01
  3611    194    467.0000     79.1271     2124.3900      235.7660   209.4920    33.4772    2.4006E+00    7.0604E-01    5.2500E-01      1256    286    136     78   1.31    3.2287E-01    4.0846E+01
  3444    182    471.0000     80.4903     2057.8770       51.4340   187.0210    33.1503    2.4687E+00    6.4827E-01    1.3500E-01      1206    279    137      9   1.24    2.4268E-01    3.6924E+01
  3291    172    474.0000     72.9501     1984.6020      199.1880   159.2580    32.7099    2.3446E+00    5.9568E-01    4.0500E-01      1132    301    135     67   1.23    2.4420E-01    3.6929E+01
  3167    165    478.0000     72.6253     1935.6600      168.2800   139.5120    32.3879    2.3699E+00    6.0862E-01    3.7500E-01      1105    289    122     52   1.21    2.4814E-01    4.3732E+01
  3062    160    481.0000     71.4059     1894.9620       62.2860   117.9660    32.2188    2.3722E+00    6.0536E-01    1.5000E-01      1088    278    118     11   1.18    2.2852E-01    4.7166E+01
  2983    157    484.0000     72.4147     1860.9150      127.5460    94.2950    31.8880    2.4160E+00    5.3710E-01    2.5500E-01      1075    292    115     29   1.16    2.2704E-01    5.0298E+01
  2932    153    488.0000     68.5403     1834.1720       61.2200    78.1000    31.8380    2.3408E+00    6.3569E-01    1.8000E-01      1024    301    119     12   1.15    2.4462E-01    4.6195E+01
  2887    152    491.0000     72.7531     1814.9760      154.4480    73.0670    31.6678    2.4488E+00    6.2178E-01    3.4500E-01      1043    262    117     38   1.14    2.5688E-01    4.4335E+01
  2844    149    495.0000     71.9600     1794.3480      160.5520    61.3940    31.5441    2.4426E+00    6.1438E-01    4.0500E-01      1014    269    118     47   1.14    2.7049E-01    4.3498E+01
  2807    146    498.0000     72.4563     1779.4070       97.5760    52.3960    31.2186    2.4654E+00    5.9230E-01    1.8000E-01      1000    271    111     20   1.15    1.7785E-01    4.8788E+01
  2781    147    502.0000     70.7754     1767.8920       79.7380    52.7890    31.3493    2.4348E+00    6.2231E-01    2.1000E-01       996    280    120     16   1.19    2.4078E-01    4.6317E+01
  2741    143    505.0000     65.2770     1746.9290      200.8460    48.9860    31.1690    2.3169E+00    6.4044E-01    4.6500E-01       972    283    124     61   1.26    2.7590E-01    4.7933E+01
  2703    143    509.0000     65.2187     1733.5750       71.7440    47.1000    30.7615    2.3281E+00    6.3167E-01    2.1000E-01       975    267    119     13   1.33    2.6625E-01    4.7980E+01
  2700    143    512.0000     63.6323     1731.3730      281.2900    49.7440    30.8421    2.2907E+00    6.2134E-01    5.5500E-01       974    290    108     83   1.35    3.2228E-01    4.7952E+01
  2700    143    516.0000     71.1076     1731.3560       55.8300    45.4120    27.2432    2.4668E+00    6.0014E-01    1.2000E-01       974    285    120     11   1.33    1.6961E-01    4.4528E+01
  2701    142    519.0000     85.3454     1731.3450       59.9700    54.4690    26.3427    2.7853E+00    6.2758E-01    1.0500E-01       978    238    108      9   1.24    2.4844E-01    4.3283E+01
  2694    143    523.0000     80.0651     1726.9580      134.1320    85.1270    30.3842    2.6709E+00    6.1636E-01    2.8500E-01       937    243    110     32   1.20    2.3413E-01    5.0252E+01
  2677    142    526.0000     66.8538     1718.0410      110.6200   130.2270    30.7124    2.3729E+00    6.4006E-01    3.1500E-01       926    242    104     24   1.21    2.6857E-01    4.9799E+01
  2623    139    529.0000     63.4688     1692.6480       60.4420   169.8010    30.9528    2.3074E+00    6.0082E-01    1.5000E-01       923    217     96      9   1.17    2.4841E-01    5.2093E+01
  2535    135    533.0000     64.0811     1645.4240       77.7100   170.7380    30.7568    2.3457E+00    5.1389E-01    1.6500E-01       898    228     90     14   1.13    1.9280E-01    5.0831E+01
  2423    133    536.0000     57.2049     1593.4220      169.3660   149.9220    30.3513    2.2077E+00    6.1915E-01    4.5000E-01       837    247     94     46   1.11    3.0812E-01    4.9835E+01
  2331    127    540.0000     58.9210     1555.9680      183.2980   130.6580    30.1676    2.2836E+00    5.1391E-01    3.7500E-01       836    231     80     45   1.09    2.7745E-01    5.0011E+01
  2254    125    543.0000     54.8526     1519.1020      242.8460   107.9070    29.9644    2.2016E+00    5.6078E-01    5.1000E-01       772    235     85     69   1.06    3.1996E-01    3.3238E+01
  2189    122    547.0000     54.0251     1487.6230       67.4560    86.8000    29.6937    2.2006E+00    5.5178E-01    1.8000E-01       765    235     87     12   1.07    2.2929E-01    4.5284E+01
  2138    119    550.0000     53.0394     1464.2530       57.4580    68.7120    29.5110    2.1914E+00    5.5374E-01    1.9500E-01       737    254     87     13   1.07    2.2822E-01    4.0573E+01
  2099    118    554.0000     53.4355     1449.8800      113.6780    59.5790    29.2929    2.2181E+00    5.8383E-01    3.9000E-01       739    217     86     33   1.06    2.7506E-01    4.3153E+01
  2070    112    557.0000     51.2901     1432.6880      107.0380    49.8880    29.2279    2.1668E+00    5.3181E-01    3.4500E-01       706    241     89     28   1.08    2.6074E-01    4.0501E+01
  2038    112    561.0000     57.0210     1418.7820      121.8820    44.9550    28.9261    2.3384E+00    5.4965E-01    3.1500E-01       736    227     83     28   1.07    2.5153E-01    5.0607E+01
  2018    111    564.0000     50.7965     1411.5680      127.9320    44.6290    29.1532    2.1734E+00    5.1700E-01    3.0000E-01       690    227     82     33   1.09    2.3819E-01    4.7882E+01
  1998    110    568.0000     51.0938     1405.4260      156.9520    49.8650    29.1202    2.1911E+00    5.9172E-01    4.3500E-01       711    220     90     44   1.16    2.9069E-01    4.5165E+01
  1978    107    571.0000     51.7344     1397.5020       74.0040    49.4670    28.8874    2.2178E+00    4.8987E-01    1.9500E-01       704    244     75     14   1.28    2.3982E-01    4.5364E+01
  1972    107    575.0000     50.1531     1392.9870      105.2820    43.3540    28.5517    2.1738E+00    4.9268E-01    2.5500E-01       698    208     77     24   1.30    2.4294E-01    4.3104E+01
  1972    107    578.0000     56.8331     1391.1790      210.5400    43.6970    28.0614    2.3617E+00    5.4514E-01    4.6500E-01       693    203     81     58   1.23    3.0672E-01    4.5392E+01
  1971    107    581.0000     56.6344     1390.6630      187.4460    53.9720    26.9940    2.3566E+00    5.5248E-01    4.6500E-01       683    227     77     49   1.19    3.1354E-01    4.4051E+01
  1966    106    585.0000     55.0667     1388.4610      111.8820   101.1980    28.8913    2.3150E+00    5.2111E-01    3.1500E-01       658    187     65     25   1.16    2.9143E-01    4.7570E+01
  1939    104    588.0000     48.7002     1373.5750      106.5840   142.2160    28.9232    2.1420E+00    4.9971E-01    2.7000E-01       658    214     69     22   1.17    2.6692E-01    5.0671E+01
  1870    101    592.0000     45.4921     1340.5660      118.1240   161.8250    28.6755    2.0724E+00    4.5904E-01    3.1500E-01       630    224     65     30   1.18    2.5051E-01    4.1478E+01
  1775     97    595.0000     43.6852     1286.9460       93.0360   147.4140    28.3598    2.0495E+00    4.9955E-01    2.5500E-01       604    196     65     22   1.08    2.3446E-01    4.2399E+01
  1700     93    599.0000     39.2449     1241.6220      168.2120   125.5960    28.0021    1.9320E+00    4.2988E-01    3.7500E-01       571    214     55     37   1.03    2.6786E-01    4.3334E+01
  1632     92    602.0000     41.2760     1209.5300       93.7420   110.9150    27.7083    2.0269E+00    4.9653E-01    2.8500E-01       567    178     61     22   0.99    2.4421E-01    4.4842E+01
  1573     90    606.0000     37.8436     1180.0130       71.0820    91.0360    27.5542    1.9370E+00    5.0760E-01    1.9500E-01       529    204     59     16   1.00    2.5352E-01    4.5173E+01
  1509     84    609.0000     40.1477     1150.5820       96.9580    66.6040    27.3424    2.0452E+00    4.4479E-01    2.7000E-01       519    194     59     19   0.98    2.7055E-01    4.9603E+01
  1474     83    613.0000     36.3293     1137.8870       71.2000    65.0620    27.0086    1.9316E+00    4.2513E-01    2.1000E-01       486    205     58     13   1.00    2.7605E-01    4.8075E+01
  1444     81    616.0000     35.6568     1124.1500       64.7700    58.8440    27.0328    1.9221E+00    4.5623E-01    1.3500E-01       496    190     56      9   1.00    2.3456E-01    5.6780E+01
  1425     81    620.0000     39.5299     1118.0900       85.4740    57.1060    69.0074    2.0705E+00    4.7165E-01    2.4000E-01       502    190     60     14   1.01    2.5669E-01    5.2365E+01
  1404     81    623.0000     37.5596     1106.6450      160.6000    60.1790    69.0074    2.0110E+00    4.6114E-01    3.7500E-01       491    198     61     42   1.02    2.6891E-01    3.0032E+01
  1377     80    626.0000     38.7068     1085.5400      125.0180    53.9490    26.2925    2.0609E+00    5.2036E-01    4.0500E-01       488    161     53     30   1.00    3.1378E-01    4.6205E+01
  1362     79    630.0000     37.5918     1075.4130       83.4880    46.1470    26.6920    2.0273E+00    5.0553E-01    2.7000E-01       499    174     55     14   1.17    3.4294E-01    5.1024E+01
  1350     79    633.0000     38.3281     1063.9280      100.5240    50.9230    26.4853    2.0565E+00    4.8309E-01    3.0000E-01       488    172     53     21   1.25    2.9292E-01    4.9330E+01
  1345     80    637.0000     42.6423     1060.7930      208.5520    54.4720    25.3609    2.2105E+00    7.3330E-01    7.3500E-01       493    145     78     79   1.18    4.3232E-01    2.0262E+01
  1342     80    640.0000     50.0386     1057.6570      174.8840    56.9080    25.7796    2.4599E+00    7.2251E-01    6.4500E-01       485    142     72     58   1.07    4.8720E-01    3.1903E+01
  1336     80    644.0000     55.7838     1052.5330      171.5100    87.2110    26.2810    2.6471E+00    6.5208E-01    6.0000E-01       504    137     63     55   1.01    4.0703E-01    3.0994E+01
  1322     80    647.0000     51.8098     1043.9530      174.0320   110.4950    26.2883    2.5279E+00    6.4567E-01    6.1500E-01       481    128     55     50   0.96    4.3762E-01    3.7064E+01
  1281     77    651.0000     43.6441     1010.9610       91.6280   118.2800    26.0813    2.2704E+00    6.3945E-01    4.3500E-01       465    125     59     28   0.94    3.6836E-01    3.6253E+01
  1237     74    654.0000     41.1582      985.4910      131.9660   126.2130    25.7941    2.2076E+00    5.7586E-01    5.2500E-01       455    135     53     41   0.92    3.8185E-01    4.0124E+01
  1186     72    658.0000     39.6892      956.4720      123.4280   121.9980    25.4990    2.1842E+00    5.4838E-01    4.8000E-01       437    127     53     38   0.89    3.7343E-01    2.9124E+01
  1137     70    661.0000     35.9607      930.7640      116.1020   111.1520    25.4070    2.0750E+00    5.4084E-01    4.6500E-01       418    134     48     33   0.87    3.7337E-01    3.4367E+01
  1091     69    665.0000     40.8868      900.2440       71.0140    93.5680    25.1056    2.2875E+00    5.2610E-01    2.5500E-01       407    128     49     19   0.84    2.5624E-01    3.7352E+01
  1055     63    668.0000     32.6936      882.0950      104.1180    86.6370    24.9203    1.9942E+00    4.8158E-01    4.0500E-01       390    135     47     30   0.82    3.3362E-01    3.7985E+01
  1027     63    671.0000     33.0561      866.0930      134.0800    72.3760    24.7597    2.0268E+00    5.4121E-01    4.8000E-01       376    120     46     38   0.82    3.5486E-01    4.1726E+01
  1009     61    675.0000     34.0839      856.8500      133.5900    66.5950    24.6746    2.0816E+00    6.0525E-01    5.5500E-01       375    117     50     41   0.84    3.8441E-01    3.6010E+01
   972     60    678.0000     30.0570      837.8920      118.5060    51.5960    24.4388    1.9398E+00    5.7988E-01    4.5000E-01       358    132     50     35   0.88    3.6991E-01    3.0148E+01
   945     59    682.0000     32.6467      826.8000      111.0580    48.2940    24.3562    2.0727E+00    5.9488E-01    4.8000E-01       355    132     48     31   0.87    3.7802E-01    3.5852E+01
   928     58    685.0000     34.0186      813.7720       95.8880    44.6370    24.2170    2.1406E+00    6.3155E-01    4.2000E-01       352    123     50     28   0.87    3.5783E-01    3.4432E+01
   914     58    689.0000     30.1513      805.8640      155.8740    44.7950    23.5782    1.9853E+00    5.9161E-01    6.0000E-01       338    133     49     50   0.91    4.2111E-01    3.1014E+01
   898     56    692.0000     27.5274      794.8750       97.3780    48.2100    23.8849    1.8782E+00    6.9253E-01    5.7000E-01       334    121     51     35   1.03    4.0686E-01    2.8929E+01
   880     56    696.0000     27.2261      784.5380      108.6520    46.4050    23.6235    1.8772E+00    5.6988E-01    5.1000E-01       337    127     45     35   1.06    3.6384E-01    3.0576E+01
   879     56    699.0000     28.2970      784.2500      105.0980    47.3080    23.7967    1.9271E+00    6.0490E-01    5.4000E-01       334    129     46     33   1.06    4.4907E-01    3.5864E+01
   879     55    703.0000     31.2711      783.9980      117.0040    42.3980    21.5787    2.0597E+00    6.3184E-01    5.8500E-01       326    119     53     41   0.99    3.8532E-01    2.8561E+01
   878     55    706.0000     32.1495      783.6940      123.9760    48.5950    22.8244    2.0991E+00    5.2418E-01    4.8000E-01       325    137     44     37   0.95    3.2949E-01    3.4309E+01
   875     54    710.0000     29.9689      780.9410      152.7880    86.9930    23.8499    2.0045E+00    5.9946E-01    6.4500E-01       329    110     41     44   0.90    4.5517E-01    3.5440E+01
   860     54    713.0000     25.2463      769.4930       93.8340   108.3260    23.8348    1.7963E+00    4.6193E-01    4.2000E-01       319    136     37     26   0.91    3.6290E-01    3.4305E+01
   835     51    717.0000     26.0204      749.3850       95.0160   108.8690    23.6346    1.8465E+00    5.7077E-01    5.1000E-01       307    121     41     31   0.84    3.8573E-01    3.4321E+01
   795     48    720.0000     20.9688      715.2480       69.3040   100.9240    23.2423    1.6176E+00    5.1558E-01    3.4500E-01       283    126     40     22   0.84    3.2854E-01    3.2077E+01
   754     48    723.0000     21.6871      689.8440       89.6080    89.6650    23.0738    1.6829E+00    4.9198E-01    3.9000E-01       285    132     39     28   0.84    3.1355E-01    3.0262E+01
   719     47    727.0000     22.8070      664.1550       41.1860    69.8580    22.7021    1.7639E+00    5.5129E-01    2.4000E-01       256    116     38     10   0.78    3.8069E-01    3.3091E+01
   684     43    730.0000     17.4476      636.3420       96.3600    52.7860    22.0426    1.4949E+00    5.1015E-01    4.2000E-01       240    124     38     32   0.78    3.3791E-01    3.0651E+01
   665     41    734.0000     18.4839      624.2550      123.5500    47.7390    22.2631    1.5676E+00    4.9582E-01    5.1000E-01       242    132     31     33   0.78    3.6954E-01    3.4889E+01
   649     41    737.0000     20.2030      614.9990       70.0020    41.3270    22.0839    1.6773E+00    4.6119E-01    3.4500E-01       234    126     34     20   0.78    3.4417E-01    3.5001E+01
   637     41    741.0000     18.8437      609.6830      109.0660    41.9450    22.0077    1.6129E+00    4.2266E-01    4.2000E-01       228    122     32     30   0.79    3.3158E-01    3.7053E+01
   616     41    744.0000     18.7653      597.1580       72.3220    36.4360    21.6170    1.6269E+00    3.6285E-01    3.0000E-01       228    126     32     20   0.80    2.9521E-01    3.6161E+01
   606     41    748.0000     20.3960      588.3020      103.1180    34.8650    21.7363    1.7266E+00    3.1292E-01    2.8500E-01       231    127     32     28   0.84    2.6180E-01    3.6266E+01
   593     41    751.0000     20.1483      579.1290       98.9860    29.1250    20.9955    1.7239E+00    3.9297E-01    3.6000E-01       220    121     31     27   0.88    3.3088E-01    3.6761E+01
   586     41    755.0000     17.4632      572.1950       95.2560    37.0100    21.5414    1.5710E+00    4.0176E-01    3.9000E-01       211    121     31     28   0.98    3.3530E-01    3.5392E+01
   582     41    758.0000     15.5937      569.8640       60.0000    35.7410    20.4675    1.4602E+00    3.3532E-01    2.4000E-01       217    130     31     16   1.01    2.7060E-01    3.7531E+01
   582     41    762.0000     19.7203      568.4910       54.8160    30.8990    19.9344    1.7062E+00    4.1517E-01    2.5500E-01       220    124     32     14   0.93    2.9656E-01    3.6520E+01
   581     41    765.0000     21.2350      568.0680       36.5260    37.8630    19.4455    1.7938E+00    2.8128E-01    1.5000E-01       211    117     31     10   0.87    1.9837E-01    3.3565E+01
   581     41    768.0000     20.9081      566.5590       34.8480    60.6410    20.1603    1.7737E+00    2.1809E-01    9.0000E-02       210    113     27      8   0.87    1.5737E-01    3.8145E+01
   569     41    772.0000     16.4481      558.9880       76.9140    72.4340    21.2182    1.5220E+00    3.6542E-01    3.0000E-01       209    108     27     20   0.82    2.9827E-01    3.8457E+01
   550     40    775.0000     15.0459      542.5740       40.7640    70.3560    20.6104    1.4465E+00    3.1838E-01    1.9500E-01       194    110     29     11   0.80    2.2488E-01    3.3082E+01
   523     40    779.0000     14.5429      525.6670       43.4860    65.7940    20.9098    1.4379E+00    2.6559E-01    1.3500E-01       192    114     26     11   0.80    2.5090E-01    3.6756E+01
   503     38    782.0000     12.3999      514.8420       40.6060    68.8920    20.8690    1.3114E+00    2.7234E-01    1.9500E-01       184    113     26     11   0.81    2.3546E-01    3.3401E+01
   476     34    786.0000     14.1302      493.8890       54.7620    60.2290    20.3829    1.4538E+00    2.7132E-01    2.1000E-01       174    101     26     16   0.74    2.4131E-01    3.3999E+01
   461     33    789.0000     14.1661      481.9690       31.2800    51.9820    20.2843    1.4696E+00    2.2578E-01    1.2000E-01       175    103     22      7   0.75    2.1478E-01    3.9102E+01
   446     33    793.0000     10.5141      470.6370       67.6900    46.5240    20.0761    1.2166E+00    2.3661E-01    1.9500E-01       165    118     23     17   0.78    2.0944E-01    3.9930E+01
   432     32    796.0000     11.9222      455.8730       67.6360    36.5430    19.7781    1.3316E+00    2.7854E-01    2.4000E-01       161    115     23     18   0.74    2.5050E-01    3.7026E+01
   422     32    800.0000     13.9287      449.6020       39.6820    34.9290    19.8055    1.4889E+00    1.6753E-01    9.0000E-02       156    107     21     10   0.75    1.5905E-01    3.9967E+01
   413     32    803.0000     11.2823      442.8490       26.8200    33.3800    19.7782    1.3023E+00    3.0499E-01    1.2000E-01       156    103     22      6   0.80    2.8536E-01    3.8731E+01
   403     31    807.0000     16.1954      433.7580       42.6060    32.2390    19.5494    1.6675E+00    2.7002E-01    1.6500E-01       157     92     21      9   0.74    2.6794E-01    3.8994E+01
   393     30    810.0000     14.0674      424.8960       23.5940    29.7850    19.2906    1.5280E+00    2.5949E-01    7.5000E-02       148     98     22      6   0.78    2.4246E-01    3.5045E+01
   383     30    814.0000     13.0085      415.6070       36.2300    30.3850    18.7363    1.4597E+00    2.1248E-01    9.0000E-02       146     92     19      7   0.87    2.4468E-01    4.0731E+01
   375     30    817.0000     14.7156      409.2670       22.8780    26.6310    19.1637    1.5945E+00    1.9215E-01    6.0000E-02       140     89     19      5   0.90    2.0875E-01    4.0469E+01
   372     30    820.0000     15.7281      406.5890       15.7940    26.7710    17.8464    1.6703E+00    3.4873E-01    1.5000E-01       148     72     20      4   0.85    3.4873E-01    3.8877E+01
   371     31    824.0000     18.8446      406.5840       26.8540    22.1680    18.9909    1.8870E+00    4.8208E-01    2.1000E-01       144     58     20      7   0.86    4.8208E-01    3.8686E+01
   367     31    827.0000     24.6643      401.9760       36.5180    33.7540    17.2150    2.2623E+00    5.7918E-01    3.3000E-01       144     53     23     10   0.72    5.1272E-01    3.4561E+01
   365     30    831.0000     25.2867      396.4290       57.6580    42.6140    18.9667    2.2962E+00    4.9508E-01    4.0500E-01       140     53     18     14   0.67    5.0972E-01    3.9209E+01
   359     29    834.0000     21.6227      391.8760      100.9640    56.6100    18.4600    2.0790E+00    5.8471E-01    6.6000E-01       138     56     18     28   0.66    5.9054E-01    3.8242E+01
   352     29    838.0000     21.2327      385.3660       47.1440    60.9520    18.9161    2.0640E+00    3.9912E-01    3.1500E-01       130     60     19     13   0.67    4.0118E-01    3.6002E+01
   326     26    841.0000     18.9041      358.9770       53.2980    46.7560    18.5236    1.9431E+00    4.2532E-01    3.9000E-01       118     59     17     14   0.62    4.5989E-01    3.8056E+01
   315     25    845.0000     14.6605      350.7510       60.2160    50.5760    18.2533    1.6574E+00    3.5051E-01    3.6000E-01       121     62     15     15   0.65    3.9838E-01    3.8749E+01
   297     22    848.0000     15.6734      339.0830       43.6480    54.1710    18.1955    1.7675E+00    3.4188E-01    3.0000E-01       115     54     13     10   0.61    4.3277E-01    4.0702E+01
   284     22    852.0000     18.6562      328.0500       65.8760    51.0390    17.7436    2.0103E+00    3.7240E-01    3.9000E-01       112     50     14     16   0.58    4.8298E-01    3.8261E+01
   273     21    855.0000     15.9022      314.1080       44.5420    43.9500    17.2144    1.8186E+00    3.3288E-01    2.4000E-01       105     51     13     10   0.64    4.1482E-01    3.9855E+01
   266     21    859.0000     12.0467      308.5050       49.0180    44.5500    17.5888    1.5228E+00    2.8883E-01    2.5500E-01       100     51     13     11   0.72    4.6937E-01    3.7729E+01
   248     20    862.0000     10.9359      295.0500       51.1180    37.6250    17.1860    1.4591E+00    3.6000E-01    3.4500E-01        97     51     13     12   0.65    4.6235E-01    3.8115E+01
   229     19    865.0000     13.3474      279.5880       44.3980    27.3280    16.1272    1.7061E+00    3.3037E-01    3.0000E-01        90     55     12     10   0.61    4.2566E-01    3.8801E+01
   220     19    869.0000     16.1275      271.9050       32.2320    22.2630    16.8368    1.9579E+00    4.5158E-01    3.4500E-01        90     35     14      8   0.60    5.5243E-01    3.6478E+01
   209     19    872.0000     13.9447      262.4950       36.9860    26.3280    15.9391    1.8034E+00    2.8135E-01    2.2500E-01        89     45     12      8   0.65    3.8679E-01    3.8399E+01
   198     18    876.0000     13.2849      250.2710       66.9460    19.8230    16.1069    1.7671E+00    4.8952E-01    5.8500E-01        83     39     13     18   0.62    6.0861E-01    3.9627E+01
   192     18    879.0000     12.2370      246.1480       30.9600    23.5630    15.9932    1.6901E+00    3.5684E-01    3.3000E-01        81     43     12      9   0.69    5.0306E-01    3.7962E+01
   190     18    883.0000     12.8903      244.5480       62.6760    21.9310    15.0078    1.7554E+00    4.8865E-01    5.1000E-01        80     33     12     15   0.71    6.7396E-01    3.9244E+01
   189     18    886.0000     12.2057      243.3750       21.8620    17.7210    16.1552    1.6945E+00    3.5280E-01    2.2500E-01        80     38     13      6   0.71    5.2080E-01    3.8418E+01
   187     18    890.0000     16.9720      240.7620       35.0600    19.8890    13.3085    2.1149E+00    4.6822E-01    4.2000E-01        81     38     11      9   0.66    6.3430E-01    3.7190E+01
   187     18    893.0000     15.9408      240.7590       16.6460    29.8810    15.8194    2.0284E+00    5.1083E-01    4.0500E-01        79     33     14      5   0.65    6.9219E-01    3.2660E+01
   185     18    897.0000     12.8242      239.0550       44.4020    47.2770    15.9647    1.7600E+00    3.6093E-01    3.7500E-01        78     39     11     12   0.66    5.1840E-01    3.4082E+01
   177     18    900.0000      7.9445      228.5780       34.6420    51.3890    15.8380    1.2889E+00    4.9899E-01    4.9500E-01        70     34     11     10   0.62    7.1348E-01    3.5728E+01
   164     17    904.0000      6.8948      214.1030       28.1880    45.0580    15.2615    1.1928E+00    3.5929E-01    3.0000E-01        67     43     11      9   0.62    5.1772E-01    3.5778E+01
   147     17    907.0000      6.5907      194.1260       23.0460    40.8560    15.0364    1.1839E+00    3.3184E-01    2.2500E-01        59     31      9      6   0.56    6.5830E-01    3.8351E+01
   134     17    911.0000      7.0770      181.4190       28.6180    37.7970    14.7137    1.2714E+00    2.7018E-01    2.7000E-01        55     34      8      7   0.50    6.8003E-01    3.6440E+01
   123     15    914.0000      7.0653      167.7370       29.1520    24.1150    14.4279    1.2911E+00    2.9411E-01    3.0000E-01        49     32      7      7   0.49    5.8929E-01    3.9517E+01
   117     14    917.0000      6.5047      161.8680       14.9600    18.2530    14.1196    1.2377E+00    2.4878E-01    1.6500E-01        46     34      8      4   0.48    6.1733E-01    3.7111E+01
   112     13    921.0000      8.7989      157.0460       38.2680    15.5650    14.0232    1.5312E+00    3.0221E-01    3.4500E-01        45     35      7     10   0.46    5.0097E-01    3.8204E+01
   110     13    924.0000      7.0587      154.7360       35.7340    14.2870    13.9173    1.3272E+00    3.6454E-01    4.0500E-01        47     32      9     11   0.46    5.5140E-01    3.4863E+01
   107     12    928.0000      6.2006      150.5960       29.8580    12.0950    13.6934    1.2228E+00    2.6580E-01    2.7000E-01        45     34      7      7   0.48    5.1374E-01    3.6935E+01
   104     11    931.0000      6.3877      148.3850       47.8560    10.2090    13.4850    1.2585E+00    3.5601E-01    4.6500E-01        43     34      8     13   0.46    6.3128E-01    3.4893E+01
   103     11    935.0000      5.3102      146.6640       34.3320    10.7950    13.3726    1.1136E+00    2.8505E-01    3.4500E-01        43     36      8      9   0.52    5.0541E-01    3.4926E+01
   100     11    938.0000      4.2475      142.6830       36.0020    11.2820    13.3627    9.6459E-01    2.5753E-01    3.0000E-01        44     40      9     11   0.61    4.6109E-01    3.3431E+01
