 10027    473      0.0000     38.1705     6275.7010      730.8160     0.0000     9.4807    1.1706E+00    4.7824E-01    3.6000E-01      4793   3917    946    476   2.90    1.1995E-01    5.7380E+00
 10014    481      3.0000     38.5099     6263.2560     1330.8080     0.2000    37.7678    1.1776E+00    4.2127E-01    4.3500E-01      4570   3602    626    691   3.03    1.2905E-01    1.4988E+01
 10006    485      6.0000     48.3042     6041.6740     1626.5700    16.2450    47.6293    1.3539E+00    5.4380E-01    5.8500E-01      4424   2798    692    873   2.78    1.7534E-01    9.0550E+00
  9999    483     10.0000     59.8581     5795.6080     1713.1900    38.5880    62.7998    1.5412E+00    6.3724E-01    7.5000E-01      4562   2161    762   1133   2.66    1.8004E-01    7.2390E+00
  9994    481     13.0000     64.1194     5683.0650     1566.1740     5.9410    54.1226    1.6034E+00    6.6993E-01    7.5000E-01      4431   1982    767   1011   2.47    1.8225E-01    1.4950E+01
  9985    483     17.0000     65.0601     5636.8840     1229.1300     7.8270    56.8557    1.6155E+00    5.9774E-01    6.3000E-01      4354   1979    626    707   2.49    1.5792E-01    2.8497E+01
  9984    480     20.0000     67.1289     5597.9820     1399.6120    12.5760    63.3965    1.6459E+00    6.5930E-01    7.3500E-01      4352   1778    653    843   2.45    1.9716E-01    1.2044E+01
  9979    480     24.0000     70.9646     5539.4420     1221.0920    16.3710    61.5495    1.7025E+00    6.2858E-01    6.6000E-01      4327   1658    590    662   2.41    1.9332E-01    3.0872E+01
  9967    480     27.0000     74.1804     5498.5770     1277.0320    11.0300    59.2463    1.7505E+00    6.4708E-01    6.9000E-01      4302   1589    604    702   2.37    1.6966E-01    2.1183E+01
  9963    479     31.0000     75.5759     5459.0060     1087.2040    21.6050    62.4033    1.7685E+00    6.7511E-01    6.7500E-01      4189   1544    623    622   2.32    2.0195E-01    1.4592E+01
  9959    477     34.0000     81.3950     5406.5060     1019.4600    30.5550    62.5805    1.8526E+00    6.6704E-01    6.4500E-01      4254   1470    568    529   2.39    1.9170E-01    2.9716E+01
  9949    471     38.0000     89.7901     5331.2120     1114.4980    25.1580    62.2800    1.9699E+00    6.8785E-01    7.0500E-01      4292   1278    544    582   2.35    1.9041E-01    1.3857E+01
  9940    471     41.0000     89.1295     5296.0950     1035.3620    24.9750    61.9962    1.9569E+00    6.9767E-01    6.7500E-01      4255   1253    549    526   2.26    1.9254E-01    1.6719E+01
  9928    470     45.0000     94.1644     5265.2920      714.4720    23.7540    62.0356    2.0274E+00    6.6425E-01    5.4000E-01      4248   1255    541    322   2.16    1.9944E-01    3.2538E+01
  9925    467     48.0000     95.4524     5243.3940      857.6720    23.6090    61.8849    2.0434E+00    7.1092E-01    6.1500E-01      4188   1120    518    386   2.13    2.0791E-01    3.7131E+01
  9911    466     51.0000     99.3670     5184.8520      317.8520    19.2530    61.0645    2.0928E+00    7.2560E-01    4.3500E-01      4185   1053    533    132   2.14    1.8018E-01    3.9310E+01
  9897    467     55.0000     96.4526     5174.9540      397.2220    17.4520    60.0089    2.0521E+00    7.1493E-01    4.2000E-01      4101   1117    531    155   2.12    2.0261E-01    5.1941E+01
  9891    464     58.0000     99.9436     5159.6390     1035.7000    17.3940    61.1333    2.1000E+00    7.4621E-01    7.5000E-01      4138   1042    506    515   2.10    2.2518E-01    3.0016E+01
  9888    466     62.0000     99.6322     5147.9010     1065.9740    13.2770    60.5657    2.0944E+00    7.1265E-01    7.3500E-01      4133   1116    505    534   2.16    2.2190E-01    1.6671E+01
  9888    465     65.0000    101.7545     5121.8720     1014.4240     9.9180    60.8017    2.1204E+00    7.2404E-01    7.2000E-01      4060   1037    477    470   2.10    2.2352E-01    3.7355E+01
  9888    463     69.0000    106.1699     5115.6210      974.2640     9.1170    59.8097    2.1804E+00    7.1859E-01    6.9000E-01      4078   1015    483    448   2.04    2.2631E-01    2.6651E+01
  9885    463     72.0000    108.0472     5089.6990      472.9360     8.9920    59.6103    2.2027E+00    6.9362E-01    4.5000E-01      4057   1034    437    164   2.04    2.0183E-01    2.9174E+01
  9884    462     76.0000    110.7323     5060.0850      443.1860    10.1160    61.1976    2.2349E+00    6.9933E-01    4.5000E-01      4035   1000    449    145   2.01    1.9051E-01    4.4186E+01
  9878    461     79.0000    111.4630     5043.7010      601.0900    17.9720    61.0964    2.2430E+00    6.9557E-01    5.2500E-01      4011    981    441    234   1.98    1.9278E-01    3.9277E+01
  9870    461     83.0000    117.2527     5036.3480      698.7460    26.5840    60.9314    2.3200E+00    7.4486E-01    6.1500E-01      4064    940    475    293   1.94    2.1448E-01    3.6232E+01
  9865    461     86.0000    112.3003     5021.6110      695.4660    42.0240    59.2622    2.2527E+00    7.0821E-01    6.0000E-01      4034    990    459    311   1.98    2.0768E-01    2.7160E+01
  9854    460     90.0000    115.1662     5012.6300      802.3500    57.8340    60.9458    2.2910E+00    7.0576E-01    6.3000E-01      3996    905    427    320   1.96    2.3582E-01    3.5249E+01
  9843    460     93.0000    119.0672     4989.8400      512.9540    65.0400    61.1487    2.3404E+00    7.0067E-01    5.1000E-01      3951    900    434    208   1.93    1.9845E-01    4.2704E+01
  9827    459     96.0000    121.1430     4972.2190      544.9100    69.8680    60.6375    2.3670E+00    6.9822E-01    5.1000E-01      4002    910    438    200   1.93    2.1219E-01    2.1929E+01
  9810    456    100.0000    126.1428     4940.6490      986.4740    66.6460    60.3164    2.4290E+00    7.4880E-01    7.5000E-01      3999    824    454    458   1.90    2.7767E-01    2.3497E+01
  9782    452    103.0000    127.3887     4924.9640      769.8640    60.5370    60.8725    2.4465E+00    7.8354E-01    6.6000E-01      3984    811    457    316   1.88    2.4536E-01    3.4979E+01
  9753    453    107.0000    125.9648     4895.7120      447.2320    56.0280    60.7072    2.4276E+00    7.5600E-01    5.2500E-01      3970    822    440    170   1.90    2.0411E-01    5.3229E+01
  9731    452    110.0000    130.8238     4872.9340      457.0640    50.2680    60.6708    2.4891E+00    7.9624E-01    4.9500E-01      3981    754    467    173   1.86    2.3283E-01    5.5778E+01
  9706    451    114.0000    128.3537     4853.8950      768.3940    47.3680    60.5720    2.4581E+00    7.8250E-01    6.9000E-01      3889    831    477    347   1.87    2.1044E-01    3.0170E+01
  9685    448    117.0000    129.5874     4837.3880      696.6940    43.9120    59.8746    2.4742E+00    7.7853E-01    6.6000E-01      3855    768    449    299   1.85    2.3371E-01    2.7912E+01
  9673    446    121.0000    127.6471     4821.3090      733.0080    47.5740    59.6151    2.4485E+00    7.7998E-01    6.6000E-01      3869    779    424    297   1.90    2.3224E-01    2.5486E+01
  9674    444    124.0000    129.9659     4799.4790      491.4260    43.7670    58.1370    2.4742E+00    7.7248E-01    5.7000E-01      3944    809    456    210   1.96    2.3194E-01    2.2750E+01
  9673    445    128.0000    137.6726     4785.2220      676.5960    32.6250    53.3242    2.5686E+00    8.3284E-01    6.4500E-01      3941    748    493    288   1.89    2.2696E-01    3.1017E+01
  9673    445    131.0000    144.1800     4773.4800      686.9840    28.1770    51.0302    2.6468E+00    8.2162E-01    6.3000E-01      3891    688    452    265   1.81    2.3211E-01    3.0156E+01
  9675    443    135.0000    139.4234     4769.7830      631.2660    25.3440    59.6089    2.5873E+00    7.9740E-01    6.4500E-01      3863    733    435    249   1.81    2.1742E-01    2.0903E+01
  9674    443    138.0000    144.0342     4762.1340      730.5240    21.9730    53.2577    2.6428E+00    8.0849E-01    6.9000E-01      3865    728    463    332   1.79    2.5211E-01    4.8543E+01
  9675    442    142.0000    143.5996     4754.8890      794.3980    27.5730    60.0705    2.6359E+00    8.1905E-01    7.5000E-01      3856    717    459    357   1.79    2.6486E-01    5.0152E+01
  9674    441    145.0000    146.1304     4736.8690      774.1000    47.0480    60.0440    2.6636E+00    8.3384E-01    7.5000E-01      3826    696    439    325   1.75    2.8778E-01    2.5775E+01
  9665    442    148.0000    143.3342     4726.9140      569.0600    69.6230    60.0091    2.6291E+00    8.1767E-01    6.3000E-01      3815    715    456    239   1.77    2.4730E-01    5.1612E+01
  9652    442    152.0000    142.2769     4719.8780      746.4520    94.8740    59.8108    2.6169E+00    8.0750E-01    7.2000E-01      3755    691    425    331   1.76    2.2034E-01    2.6574E+01
  9632    441    155.0000    146.1494     4707.0300      835.9200   111.7830    59.1824    2.6650E+00    8.1797E-01    7.8000E-01      3849    668    428    375   1.76    2.5316E-01    4.1139E+01
  9605    441    159.0000    145.5139     4689.2700      482.2100   116.0330    59.6378    2.6583E+00    7.7357E-01    5.2500E-01      3799    717    414    177   1.75    1.8649E-01    2.6833E+01
  9573    435    162.0000    145.0266     4666.9440      450.6940   110.0810    59.3165    2.6533E+00    7.8337E-01    5.4000E-01      3768    692    414    185   1.75    2.2014E-01    3.1540E+01
  9541    435    166.0000    147.4045     4642.6310      484.6620   103.1520    59.3855    2.6829E+00    8.4898E-01    5.7000E-01      3744    637    456    196   1.73    2.5158E-01    2.0025E+01
  9507    433    169.0000    148.8050     4613.8840      346.9300    92.7440    59.4406    2.6999E+00    8.1011E-01    4.3500E-01      3770    664    433    112   1.73    2.1442E-01    4.5205E+01
  9470    429    173.0000    150.0725     4595.9850      242.6440    80.2620    59.3338    2.7179E+00    8.2288E-01    3.6000E-01      3690    645    422     65   1.71    2.1022E-01    4.6866E+01
  9430    427    176.0000    148.5147     4580.1750      318.1860    68.6550    59.0386    2.7026E+00    7.4771E-01    4.0500E-01      3658    660    388    109   1.74    1.7938E-01    4.0951E+01
  9406    427    180.0000    145.5755     4571.1340      586.6880    67.0090    59.2516    2.6691E+00    7.7196E-01    5.8500E-01      3683    709    413    235   1.79    2.2693E-01    3.5676E+01
  9401    426    183.0000    143.4524     4555.2840      238.8160    60.7800    57.7530    2.6408E+00    8.1773E-01    3.9000E-01      3695    677    425     85   1.88    2.1553E-01    4.3544E+01
  9402    425    187.0000    150.3502     4552.2430      439.4780    56.8280    57.6695    2.7240E+00    8.1336E-01    5.2500E-01      3625    633    426    163   1.82    2.1994E-01    5.1701E+01
  9401    425    190.0000    154.4738     4541.3950      522.8440    47.8810    57.8385    2.7716E+00    7.6208E-01    5.8500E-01      3669    703    407    210   1.80    2.3878E-01    2.1814E+01
  9400    425    193.0000    158.3226     4534.1720      199.8960    29.5960    51.7510    2.8161E+00    8.4725E-01    3.3000E-01      3661    603    429     60   1.77    2.0965E-01    4.4526E+01
  9400    425    197.0000    160.2308     4528.0670      215.6220    34.9670    51.3955    2.8374E+00    8.3235E-01    3.6000E-01      3671    607    430     53   1.77    2.4040E-01    5.6458E+01
  9399    423    200.0000    168.5092     4517.9520      570.3800    56.0180    57.2705    2.9323E+00    8.7841E-01    6.9000E-01      3711    608    445    260   1.73    2.5304E-01    4.3519E+01
  9392    422    204.0000    161.6986     4502.6810      396.6140    83.1820    57.7865    2.8508E+00    8.3630E-01    5.4000E-01      3676    666    421    154   1.76    2.3913E-01    3.6309E+01
  9362    420    207.0000    167.0070     4480.6610      691.1120   109.0040    58.9453    2.9136E+00    8.6022E-01    7.5000E-01      3626    557    412    303   1.71    2.5833E-01    5.2845E+01
  9287    416    211.0000    160.6871     4454.7510      626.6460   126.2070    58.6591    2.8475E+00    8.4904E-01    7.0500E-01      3583    588    419    271   1.70    2.7705E-01    4.1033E+01
  9201    412    214.0000    161.1619     4420.4140      580.7240   112.9210    58.5234    2.8613E+00    8.3991E-01    6.9000E-01      3575    595    404    257   1.68    2.6848E-01    3.5870E+01
  9126    409    218.0000    154.2038     4383.3220      687.3380    97.4630    58.5119    2.7838E+00    8.3772E-01    7.3500E-01      3515    588    408    305   1.68    2.6557E-01    4.1943E+01
  9057    402    221.0000    160.0730     4353.6510      569.9780    83.7710    58.3393    2.8603E+00    8.1556E-01    6.3000E-01      3505    605    392    222   1.67    2.3784E-01    4.9970E+01
  9009    400    225.0000    160.6793     4331.7890      468.4340    70.7440    58.1829    2.8716E+00    8.7084E-01    6.1500E-01      3481    568    417    184   1.64    2.4712E-01    4.3765E+01
  8978    397    228.0000    160.1371     4316.8330      292.4540    63.9150    57.9428    2.8676E+00    7.8129E-01    4.0500E-01      3482    553    361     93   1.64    2.1030E-01    2.8691E+01
  8957    393    232.0000    163.7381     4306.6460      454.0300    60.1060    57.7673    2.9121E+00    8.0406E-01    5.7000E-01      3474    595    375    166   1.62    2.2491E-01    3.6067E+01
  8925    392    235.0000    158.5760     4286.0750      340.1420    51.2020    58.1127    2.8520E+00    8.0241E-01    4.3500E-01      3425    571    375     99   1.63    2.2084E-01    4.4890E+01
  8915    391    239.0000    164.9538     4283.1750      632.6140    58.0320    57.9669    2.9292E+00    8.2133E-01    6.9000E-01      3513    569    365    254   1.65    2.3538E-01    3.7057E+01
  8893    391    242.0000    163.1170     4274.5160      432.5920    57.0140    57.6991    2.9097E+00    8.0444E-01    5.4000E-01      3392    565    370    154   1.64    2.3877E-01    4.8672E+01
  8875    391    245.0000    166.7340     4260.9190      257.2440    56.7890    57.6727    2.9529E+00    8.4188E-01    4.5000E-01      3422    579    404     89   1.63    2.1741E-01    4.5155E+01
  8856    388    249.0000    163.0851     4251.0570      472.2000    59.0650    57.7022    2.9111E+00    8.4769E-01    6.1500E-01      3458    527    371    198   1.66    2.4745E-01    1.9832E+01
  8824    388    252.0000    163.3614     4235.8620      378.0480    53.8160    57.7299    2.9171E+00    8.1498E-01    5.5500E-01      3419    571    371    143   1.65    2.4557E-01    3.9784E+01
  8800    386    256.0000    161.5536     4224.5150      498.4040    59.7760    57.2896    2.8975E+00    7.9668E-01    5.7000E-01      3444    626    376    186   1.69    2.5118E-01    3.9991E+01
  8786    384    259.0000    166.6671     4213.8170      313.7560    61.5700    56.7464    2.9586E+00    7.8869E-01    4.3500E-01      3403    582    359    102   1.67    2.2499E-01    1.9643E+01
  8786    384    263.0000    159.7640     4213.7420      484.7180    53.6310    53.2011    2.8763E+00    8.2897E-01    6.1500E-01      3374    554    390    204   1.72    2.3561E-01    3.4523E+01
  8786    384    266.0000    165.7418     4208.4620      526.1720    44.2220    48.2630    2.9464E+00    7.9541E-01    5.8500E-01      3397    560    362    197   1.69    2.3498E-01    2.9814E+01
  8786    384    270.0000    175.1723     4201.7550      379.4880    37.1440    45.9265    3.0555E+00    7.8765E-01    4.5000E-01      3395    550    352    119   1.63    1.9462E-01    2.7368E+01
  8786    384    273.0000    181.2028     4196.5600      422.3420    38.4430    47.6293    3.1239E+00    8.4083E-01    5.5500E-01      3424    507    374    165   1.59    2.5901E-01    5.0529E+01
  8786    384    277.0000    175.8819     4193.9690      299.0820    48.5200    52.5906    3.0619E+00    8.2093E-01    4.8000E-01      3375    569    374     97   1.59    2.2286E-01    5.5746E+01
  8782    383    280.0000    179.3103     4189.7540      346.3500    72.7870    57.3776    3.1013E+00    8.4864E-01    4.9500E-01      3398    513    360    108   1.58    1.9375E-01    4.7415E+01
  8761    383    284.0000    177.3592     4183.2450      395.6760    97.0530    57.6461    3.0815E+00    8.2307E-01    5.1000E-01      3415    548    373    153   1.58    2.1367E-01    4.1302E+01
  8730    380    287.0000    172.8735     4163.1850      480.8940   119.3150    57.2038    3.0307E+00    8.5696E-01    6.1500E-01      3349    516    373    188   1.58    2.6876E-01    4.5717E+01
  8700    380    290.0000    167.8309     4143.7980      399.8020   131.5390    57.4089    2.9729E+00    8.2320E-01    5.4000E-01      3297    517    351    144   1.59    2.2529E-01    4.0891E+01
  8639    376    294.0000    175.1858     4120.5370      168.9200   143.7030    57.3296    3.0659E+00    8.1301E-01    3.1500E-01      3318    520    347     48   1.57    2.0652E-01    4.0094E+01
  8567    373    297.0000    173.4601     4086.4340      372.1660   138.9980    57.2057    3.0523E+00    8.0921E-01    4.9500E-01      3288    496    342    132   1.55    2.1052E-01    4.3895E+01
  8507    371    301.0000    178.1787     4065.5230      200.3480   128.8420    56.9595    3.1148E+00    8.5306E-01    3.9000E-01      3251    474    341     66   1.52    2.1880E-01    4.2044E+01
  8445    368    304.0000    171.3515     4037.8650      379.3240   109.6170    56.9451    3.0408E+00    8.7327E-01    5.8500E-01      3223    512    365    158   1.53    2.3283E-01    4.5935E+01
  8380    365    308.0000    169.0037     4010.2180      175.3900    88.1940    56.5938    3.0197E+00    8.4526E-01    3.3000E-01      3224    516    369     53   1.55    2.2753E-01    4.3754E+01
  8352    364    311.0000    175.6320     4000.6150      141.9540    83.5480    56.7566    3.1017E+00    8.7159E-01    2.5500E-01      3205    505    364     33   1.54    2.0214E-01    5.2793E+01
  8310    364    315.0000    171.7350     3976.8820      301.7700    73.6150    56.6233    3.0586E+00    8.1741E-01    4.3500E-01      3216    531    348    101   1.56    2.1258E-01    4.2251E+01
  8279    363    318.0000    168.6713     3965.0690      331.8840    64.0910    56.4341    3.0257E+00    8.5041E-01    4.9500E-01      3180    504    355    104   1.60    2.3862E-01    4.8339E+01
  8280    362    322.0000    158.1269     3962.4490      304.7900    44.8130    51.1737    2.8974E+00    8.1762E-01    5.1000E-01      3242    508    355    118   1.80    2.0666E-01    4.6000E+01
  8280    362    325.0000    178.9388     3955.6670      181.3260    24.0810    42.7427    3.1446E+00    8.7381E-01    3.4500E-01      3202    467    358     48   1.72    2.1522E-01    5.0983E+01
  8280    362    329.0000    196.1140     3953.3110       84.2580     6.0150    55.1225    3.3421E+00    8.6208E-01    1.9500E-01      3241    463    358     14   1.62    2.3268E-01    4.7425E+01
  8279    362    332.0000    202.6528     3947.9390      602.2840     5.0350    36.3960    3.4147E+00    9.4555E-01    8.4000E-01      3203    423    386    279   1.54    3.0684E-01    2.6628E+01
  8279    362    335.0000    209.0261     3945.5530      413.0180    24.4150    53.3602    3.4852E+00    9.4228E-01    6.6000E-01      3252    402    362    167   1.50    2.8545E-01    2.4837E+01
  8273    362    339.0000    195.2595     3941.1100      422.8940    91.2460    54.3129    3.3306E+00    8.6849E-01    5.8500E-01      3171    463    360    156   1.50    2.7791E-01    3.7381E+01
  8255    361    342.0000    183.8089     3935.6660      480.1440   162.1440    56.4112    3.2017E+00    9.1384E-01    7.3500E-01      3194    417    354    222   1.52    2.9846E-01    1.7113E+01
  8204    360    346.0000    182.1002     3911.0570      419.0780   206.3600    56.2527    3.1867E+00    8.8176E-01    6.6000E-01      3153    431    340    168   1.51    2.5843E-01    2.7098E+01
  8141    359    349.0000    181.4522     3887.2130      333.6000   213.2600    56.2546    3.1869E+00    8.9866E-01    6.1500E-01      3134    416    333    135   1.49    2.5397E-01    4.0277E+01
  8034    355    353.0000    175.5229     3836.0300      334.6380   183.6160    56.0480    3.1275E+00    8.8142E-01    5.5500E-01      2978    427    347    128   1.46    2.7059E-01    3.5318E+01
  7925    347    356.0000    185.7074     3795.6470      466.5780   155.3850    55.7371    3.2618E+00    9.1263E-01    6.9000E-01      3032    415    340    192   1.44    2.6548E-01    3.6559E+01
  7820    344    360.0000    168.9463     3750.0760      474.6860   117.4990    55.5120    3.0740E+00    8.9583E-01    7.3500E-01      2945    460    374    229   1.45    2.7610E-01    2.4306E+01
  7745    340    363.0000    177.4227     3723.5540      403.0420   100.5920    55.4375    3.1863E+00    8.6503E-01    6.1500E-01      2923    461    344    161   1.43    2.3580E-01    3.0067E+01
  7694    339    367.0000    178.1762     3704.3370      259.9640    86.9800    55.3168    3.2022E+00    8.2939E-01    4.5000E-01      2940    460    336    104   1.45    2.0608E-01    3.9948E+01
  7641    337    370.0000    167.0010     3683.8440      355.4620    74.4420    55.1028    3.0736E+00    8.8552E-01    5.7000E-01      2885    422    339    139   1.46    2.8440E-01    3.3336E+01
  7593    335    374.0000    172.7780     3669.5170      252.9040    63.0470    54.4208    3.1515E+00    9.4094E-01    5.7000E-01      2907    396    355    115   1.46    2.5906E-01    3.9952E+01
  7562    334    377.0000    167.0216     3657.5530      340.9780    53.9430    55.0931    3.0851E+00    8.4535E-01    5.8500E-01      2859    450    331    144   1.49    2.9079E-01    2.1391E+01
  7548    334    381.0000    161.4489     3648.6920      275.4560    49.3960    53.2550    3.0169E+00    8.4707E-01    5.1000E-01      2887    489    353     99   1.63    2.6328E-01    4.7087E+01
  7548    334    384.0000    163.0608     3646.5720      337.6460    35.0750    47.5301    3.0364E+00    8.6717E-01    5.7000E-01      2938    448    349    134   1.66    2.6795E-01    4.1055E+01
  7548    334    387.0000    177.3147     3644.3910      311.4380    23.0520    43.6811    3.2102E+00    8.7949E-01    5.2500E-01      2889    433    328    119   1.59    2.5190E-01    2.5034E+01
  7548    334    391.0000    183.1772     3642.1660      210.5600    10.9090    40.1565    3.2799E+00    8.5434E-01    4.2000E-01      2848    437    324     73   1.52    2.6622E-01    2.8502E+01
  7549    333    394.0000    196.6053     3637.9120      276.5160    12.1450    50.4775    3.4367E+00    9.0278E-01    5.2500E-01      2888    418    333    104   1.46    2.4749E-01    2.6107E+01
  7547    333    398.0000    191.1620     3633.3360      321.7700    27.1730    50.1523    3.3721E+00    9.0904E-01    5.4000E-01      2872    412    338    123   1.42    2.7169E-01    4.7131E+01
  7545    333    401.0000    193.8223     3631.0080      225.6820    69.7610    54.9336    3.4031E+00    7.9379E-01    4.5000E-01      2922    442    296     78   1.42    2.7646E-01    3.9113E+01
  7539    333    405.0000    180.9036     3627.8690      315.9080   126.2160    54.4394    3.2507E+00    8.1993E-01    4.8000E-01      2834    456    303    115   1.43    2.4340E-01    3.7160E+01
  7521    333    408.0000    166.5744     3622.1360      253.4140   161.0930    54.6356    3.0794E+00    7.8447E-01    4.5000E-01      2854    475    318     91   1.46    2.3826E-01    3.8596E+01
  7496    332    412.0000    175.2394     3613.7880      229.6620   187.9330    54.8842    3.1890E+00    7.6835E-01    4.3500E-01      2835    439    277     80   1.46    2.2006E-01    3.7445E+01
  7455    331    415.0000    171.2577     3598.8080      227.9760   193.7770    54.7345    3.1462E+00    7.8825E-01    4.2000E-01      2746    438    285     79   1.42    2.1029E-01    3.8153E+01
  7367    330    419.0000    165.9433     3561.1900      250.6660   168.7720    54.6318    3.0914E+00    7.7546E-01    3.9000E-01      2709    468    282     75   1.43    2.0930E-01    4.1082E+01
  7281    327    422.0000    169.7320     3529.7100      291.2460   147.9690    54.4765    3.1505E+00    8.0541E-01    4.9500E-01      2715    465    302    110   1.42    2.0578E-01    2.7217E+01
  7192    320    426.0000    172.6652     3501.6220      313.5860   127.5280    54.3464    3.2011E+00    7.9550E-01    5.1000E-01      2683    466    300    119   1.41    2.3574E-01    3.8466E+01
  7102    316    429.0000    167.2419     3467.2950      356.3240   106.4700    54.1788    3.1464E+00    7.8912E-01    5.4000E-01      2634    447    292    138   1.40    2.6984E-01    2.8955E+01
  7034    314    432.0000    164.5205     3443.3160      362.0520    91.4290    54.0144    3.1225E+00    7.9067E-01    5.7000E-01      2607    439    285    139   1.40    2.7922E-01    2.9295E+01
  6981    310    436.0000    160.4240     3423.4540      226.5780    76.5930    53.8508    3.0780E+00    8.0453E-01    4.5000E-01      2619    436    265     76   1.42    2.6446E-01    3.2265E+01
  6975    310    439.0000    150.8135     3421.0950      138.2480    71.6180    53.5120    2.9546E+00    7.0756E-01    3.0000E-01      2626    508    261     41   1.57    2.3331E-01    4.2373E+01
  6975    310    443.0000    160.5454     3415.0380      113.9860    60.5270    53.1928    3.0786E+00    7.9768E-01    2.5500E-01      2600    455    282     32   1.56    1.7545E-01    4.2616E+01
  6975    309    446.0000    162.2310     3414.4820      302.1620    42.3550    51.8420    3.0999E+00    7.5592E-01    4.8000E-01      2603    472    287    102   1.59    2.3567E-01    3.6735E+01
  6975    309    450.0000    177.2373     3412.7540      497.6260    34.4540    53.0469    3.2877E+00    8.4823E-01    7.2000E-01      2643    404    296    206   1.59    3.0329E-01    3.5109E+01
  6973    308    453.0000    184.0482     3409.6470      327.9980    33.3930    45.3236    3.3710E+00    8.3252E-01    5.7000E-01      2652    416    280    119   1.52    2.9310E-01    2.9731E+01
  6972    308    457.0000    184.3031     3404.7320      304.5760    55.1210    52.6552    3.3727E+00    8.0793E-01    5.2500E-01      2639    427    286    109   1.52    2.7173E-01    3.0306E+01
  6960    307    460.0000    177.7037     3397.4270      334.9940    84.3560    53.7791    3.2927E+00    8.5702E-01    6.0000E-01      2612    386    285    134   1.52    2.6057E-01    2.8498E+01
  6904    304    464.0000    168.7063     3371.4460      284.5380   127.7620    53.3812    3.1874E+00    8.0205E-01    5.2500E-01      2568    398    272    104   1.48    2.5648E-01    3.4066E+01
  6858    300    467.0000    175.6708     3351.1410      331.1340   152.0650    53.3118    3.2807E+00    8.5061E-01    5.7000E-01      2551    381    278    130   1.43    2.8072E-01    3.3382E+01
  6787    296    471.0000    162.9173     3326.1660      325.5500   153.6930    53.2426    3.1311E+00    7.8045E-01    5.2500E-01      2480    456    282    121   1.43    2.6452E-01    3.0632E+01
  6734    293    474.0000    163.7406     3298.2860      343.3660   144.6840    53.2408    3.1472E+00    7.9978E-01    5.1000E-01      2492    422    279    127   1.45    2.2007E-01    2.9404E+01
  6671    291    478.0000    164.1675     3273.0150      358.5060   127.9130    53.0591    3.1618E+00    8.0370E-01    5.7000E-01      2437    400    269    135   1.42    2.7464E-01    3.2606E+01
  6624    288    481.0000    173.0168     3251.8180      319.6080   110.6990    53.0420    3.2808E+00    7.7042E-01    5.2500E-01      2456    402    246    111   1.39    2.3217E-01    2.9003E+01
  6566    289    484.0000    171.0318     3229.7020      404.0560    98.7410    52.8022    3.2650E+00    7.9052E-01    6.1500E-01      2396    402    262    156   1.36    2.8565E-01    3.2482E+01
  6511    289    488.0000    168.0787     3207.4760      336.1600    82.0330    52.4858    3.2356E+00    7.9643E-01    5.5500E-01      2378    380    248    123   1.34    2.4081E-01    2.9462E+01
  6477    288    491.0000    172.4454     3189.7180      451.4680    71.0320    52.5919    3.2954E+00    7.9900E-01    6.4500E-01      2434    421    278    185   1.36    2.6092E-01    2.4765E+01
  6446    287    495.0000    171.9925     3179.6460      295.0720    73.9440    52.5642    3.2953E+00    8.4719E-01    4.8000E-01      2400    384    272    101   1.34    2.4947E-01    2.8154E+01
  6420    285    498.0000    170.1293     3171.9130      255.3180    79.1980    52.5756    3.2765E+00    8.1971E-01    4.2000E-01      2399    389    270     84   1.34    2.4923E-01    3.4260E+01
  6377    283    502.0000    164.0647     3153.4060      124.4380    81.1410    52.4776    3.2045E+00    7.9568E-01    2.8500E-01      2334    368    255     35   1.35    1.7753E-01    3.8130E+01
  6346    282    505.0000    163.4636     3143.2110      157.3420    81.2220    51.9500    3.2022E+00    7.6317E-01    3.0000E-01      2357    404    257     57   1.38    1.6283E-01    2.5936E+01
  6309    280    509.0000    162.1247     3132.1130      221.5440    80.0990    52.2073    3.1918E+00    7.2182E-01    3.7500E-01      2336    413    244     78   1.40    2.1193E-01    3.0425E+01
  6270    278    512.0000    161.8607     3116.6900      102.6320    89.1550    52.0749    3.1946E+00    7.8499E-01    2.4000E-01      2347    381    263     30   1.43    2.0771E-01    3.5241E+01
  6234    278    516.0000    157.4838     3104.6440      335.5820    81.5920    52.1923    3.1432E+00    8.2650E-01    5.5500E-01      2293    380    253    118   1.44    2.1642E-01    2.3096E+01
  6228    278    519.0000    152.2163     3100.9320      229.0620    69.3990    49.0249    3.0732E+00    7.8543E-01    4.2000E-01      2320    418    262     80   1.53    2.0712E-01    2.3828E+01
  6228    278    523.0000    157.7662     3100.9290      226.0900    56.3980    44.0788    3.1475E+00    7.7743E-01    4.8000E-01      2337    405    258     83   1.52    2.2166E-01    3.8707E+01
  6228    278    526.0000    162.9458     3100.9120      237.8680    40.0900    40.3554    3.2160E+00    7.7388E-01    4.0500E-01      2311    405    255     80   1.47    2.2805E-01    3.1316E+01
  6228    278    529.0000    174.5238     3100.9000      334.3320    41.3190    38.4195    3.3666E+00    7.4847E-01    5.2500E-01      2292    402    247    129   1.42    2.3634E-01    3.0786E+01
  6228    278    533.0000    177.8457     3100.8890      261.3760    47.4330    46.0598    3.4092E+00    7.7313E-01    4.5000E-01      2284    373    244     86   1.36    2.1648E-01    3.4013E+01
  6227    278    536.0000    176.1015     3100.7460      316.0380    89.6140    45.7965    3.3871E+00    8.0653E-01    5.2500E-01      2294    357    255    122   1.35    2.4534E-01    3.5163E+01
  6225    277    540.0000    168.2405     3099.9780      266.1180   148.9510    51.8519    3.2859E+00    7.9425E-01    4.8000E-01      2278    375    242     94   1.36    2.4536E-01    3.0898E+01
  6206    275    543.0000    160.4017     3086.5030      268.0280   196.7190    51.6035    3.1840E+00    7.6299E-01    5.1000E-01      2236    382    231     99   1.36    2.0441E-01    2.6132E+01
  6153    271    547.0000    155.0406     3070.2340      285.5180   238.8260    51.9944    3.1227E+00    7.1512E-01    4.5000E-01      2177    381    218     96   1.38    2.3874E-01    2.7894E+01
  6013    264    550.0000    149.0230     2998.6390      325.6160   193.0350    51.5904    3.0582E+00    7.3719E-01    5.4000E-01      2134    395    233    124   1.33    2.2829E-01    2.8469E+01
  5885    258    554.0000    150.7571     2954.2000      253.3140   163.8030    51.3859    3.1052E+00    7.2488E-01    5.1000E-01      2064    385    221    102   1.31    2.6727E-01    2.9686E+01
  5776    251    557.0000    142.7634     2911.5710      361.3940   130.5830    51.1437    3.0125E+00    6.7974E-01    5.5500E-01      2052    411    225    142   1.32    2.9149E-01    2.3708E+01
  5678    249    561.0000    152.4438     2877.1300      342.2240   105.4700    50.9017    3.1660E+00    7.3523E-01    5.8500E-01      2064    363    217    133   1.28    2.9798E-01    3.0407E+01
  5620    247    564.0000    148.4845     2859.5360      203.0820    95.1430    50.7717    3.1231E+00    7.2581E-01    3.9000E-01      2016    378    223     75   1.29    2.1042E-01    2.7655E+01
  5565    245    568.0000    140.0455     2836.4460      252.3240    72.2600    50.4357    3.0127E+00    7.0869E-01    3.9000E-01      2011    398    213     78   1.32    2.0885E-01    2.8157E+01
  5523    245    571.0000    143.7892     2824.0640      152.4540    67.2280    50.2952    3.0751E+00    6.9817E-01    2.8500E-01      2007    387    219     45   1.34    2.0599E-01    4.3184E+01
  5501    245    575.0000    138.0794     2816.2060       80.8400    63.1830    50.4626    2.9973E+00    6.6537E-01    2.1000E-01      2033    453    220     26   1.46    1.9074E-01    3.1248E+01
  5500    245    578.0000    130.8834     2814.2570      254.5500    39.6650    45.3038    2.8919E+00    6.1552E-01    4.0500E-01      2020    430    208     83   1.58    2.0617E-01    3.0186E+01
  5500    245    581.0000    151.3273     2814.2350      278.8920    19.8240    38.2076    3.1857E+00    7.3701E-01    4.8000E-01      2049    380    228     99   1.51    2.7877E-01    3.3848E+01
  5500    245    585.0000    165.6280     2814.0190      174.1900    12.3480    35.5102    3.3833E+00    7.2568E-01    3.6000E-01      1998    407    228     58   1.43    1.9942E-01    3.4357E+01
  5500    245    588.0000    166.8337     2810.6410      208.1120     8.9750    35.0224    3.3983E+00    7.5634E-01    4.0500E-01      2011    358    227     64   1.36    2.2952E-01    3.9103E+01
  5500    245    592.0000    159.6860     2808.8460       84.8240    30.8640    40.5856    3.2999E+00    7.4699E-01    2.5500E-01      1981    339    209     23   1.34    2.2067E-01    3.8424E+01
  5500    245    595.0000    156.2540     2808.6830      209.0820    86.0020    49.1076    3.2523E+00    7.5626E-01    4.0500E-01      1992    347    213     69   1.32    2.4277E-01    3.2845E+01
  5493    245    599.0000    147.2253     2804.8960      173.6800   143.3600    50.1904    3.1267E+00    7.1765E-01    3.4500E-01      1983    352    210     64   1.32    1.8583E-01    2.8767E+01
  5444    242    602.0000    146.4711     2783.6890      242.7800   177.1770    50.3457    3.1244E+00    7.1864E-01    4.2000E-01      1945    358    212     76   1.29    2.6540E-01    3.4242E+01
  5366    240    606.0000    137.2667     2749.4680      185.5300   177.4360    50.1064    3.0048E+00    6.8043E-01    3.6000E-01      1901    368    195     61   1.25    2.1008E-01    3.4852E+01
  5298    240    609.0000    136.5174     2725.5300      174.4120   163.1850    49.9831    3.0073E+00    6.8543E-01    3.6000E-01      1890    383    197     61   1.26    2.0466E-01    3.3893E+01
  5220    238    613.0000    136.6342     2698.4680      256.2600   140.9420    49.7744    3.0249E+00    6.9134E-01    4.3500E-01      1835    366    194     80   1.24    2.2715E-01    3.8593E+01
  5149    232    616.0000    135.2892     2672.3040      173.7220   122.8510    49.6538    3.0191E+00    6.7247E-01    3.6000E-01      1817    362    200     56   1.25    2.3508E-01    3.5968E+01
  5094    230    620.0000    137.1126     2652.6110      132.6520   105.6570    49.5591    3.0576E+00    7.1959E-01    3.6000E-01      1821    349    202     49   1.23    2.3590E-01    3.2048E+01
  5043    228    623.0000    135.5409     2633.8720      129.5600    90.2850    49.3464    3.0448E+00    6.6954E-01    3.0000E-01      1787    362    206     41   1.23    1.9738E-01    3.9129E+01
  4999    226    626.0000    139.3679     2617.5270      216.9760    79.9510    49.2766    3.1111E+00    6.7860E-01    4.0500E-01      1792    367    203     78   1.24    2.2667E-01    3.2288E+01
  4967    225    630.0000    138.7081     2607.0030      279.3080    75.6260    49.2275    3.1087E+00    6.9180E-01    4.3500E-01      1812    375    214    100   1.27    2.4371E-01    3.0722E+01
  4933    225    633.0000    130.5033     2588.0630      262.6380    66.0570    49.0325    2.9895E+00    7.0258E-01    4.9500E-01      1755    361    203     90   1.34    2.4401E-01    3.4348E+01
  4933    225    637.0000    119.5541     2586.4350      265.1500    52.5500    46.9898    2.8192E+00    6.9807E-01    4.8000E-01      1808    388    200     98   1.57    2.3386E-01    3.2520E+01
  4933    225    640.0000    132.3371     2584.7060      193.5220    39.1020    45.8113    3.0161E+00    6.8857E-01    3.7500E-01      1806    334    193     68   1.51    2.4407E-01    3.0638E+01
  4933    225    644.0000    150.0772     2582.9880      330.6800    24.7250    47.9351    3.2792E+00    6.9412E-01    5.5500E-01      1788    355    206    127   1.40    2.8248E-01    2.4088E+01
  4932    225    647.0000    160.5069     2582.8370      284.1980    27.7940    47.6238    3.4298E+00    8.0195E-01    5.8500E-01      1767    307    207    108   1.31    2.8614E-01    3.1068E+01
  4925    225    651.0000    157.8926     2581.6540      148.3880    46.8660    48.2010    3.3947E+00    7.8308E-01    3.4500E-01      1749    296    202     47   1.26    2.5164E-01    3.7536E+01
  4910    224    654.0000    144.4325     2578.4740      122.2680    76.8980    47.8125    3.2033E+00    7.0285E-01    3.0000E-01      1738    336    186     35   1.27    1.8912E-01    3.7220E+01
  4897    224    658.0000    138.5756     2571.6070      168.1240   111.1410    48.5751    3.1181E+00    6.7066E-01    3.3000E-01      1756    348    183     51   1.26    2.0830E-01    3.7662E+01
  4875    223    661.0000    140.5472     2562.7890      150.8120   159.7740    48.7059    3.1522E+00    7.0615E-01    3.7500E-01      1734    306    184     47   1.24    2.4857E-01    3.1827E+01
  4819    223    665.0000    131.2397     2537.4020      224.9060   177.6640    48.7363    3.0216E+00    6.7513E-01    4.8000E-01      1677    345    189     79   1.24    2.8142E-01    3.0181E+01
  4755    218    668.0000    130.7134     2512.0680      280.3920   182.0050    48.4043    3.0268E+00    6.9977E-01    5.4000E-01      1686    315    180    107   1.23    2.8585E-01    3.3813E+01
  4668    212    671.0000    130.3644     2482.8810      119.7160   184.2370    48.4531    3.0419E+00    6.6556E-01    2.8500E-01      1626    331    184     37   1.21    2.2904E-01    3.1708E+01
  4572    209    675.0000    125.6774     2447.3160      194.5820   161.5990    48.2211    2.9900E+00    6.1728E-01    3.6000E-01      1583    328    170     62   1.18    2.2742E-01    3.5126E+01
  4488    208    678.0000    118.2941     2411.3960      229.5720   138.6710    47.9808    2.8884E+00    6.1281E-01    4.0500E-01      1558    357    165     75   1.19    2.2443E-01    2.8729E+01
  4418    203    682.0000    127.2589     2385.8860      125.9700   123.8570    47.3180    3.0494E+00    7.0258E-01    3.3000E-01      1558    323    173     38   1.19    2.2688E-01    3.1766E+01
  4353    200    685.0000    119.1520     2357.3190      108.7080   107.3140    47.6481    2.9318E+00    7.3192E-01    3.4500E-01      1519    317    183     33   1.21    2.9647E-01    3.6687E+01
  4302    200    689.0000    118.3972     2337.2870      156.9320    92.5820    47.4450    2.9309E+00    7.2390E-01    4.2000E-01      1515    304    176     54   1.24    2.7071E-01    2.6296E+01
  4291    200    692.0000    114.7727     2331.3010      158.2720    85.0760    47.0795    2.8726E+00    6.9388E-01    3.4500E-01      1539    336    174     50   1.32    2.3829E-01    3.1411E+01
  4284    199    696.0000    121.1715     2327.8640      260.1760    70.5880    47.1811    2.9798E+00    6.9769E-01    5.1000E-01      1532    352    185    102   1.35    2.4418E-01    2.7234E+01
  4282    198    699.0000    123.5231     2324.0270      147.6060    63.7760    47.0763    3.0173E+00    6.8202E-01    3.1500E-01      1508    309    170     48   1.36    2.2911E-01    3.1865E+01
  4276    199    703.0000    125.5311     2321.6960      107.0380    57.4530    47.0564    3.0514E+00    7.1278E-01    3.0000E-01      1542    310    170     29   1.35    2.2459E-01    3.4527E+01
  4273    198    706.0000    134.7211     2316.6850      189.1740    63.9610    46.9935    3.1976E+00    7.1278E-01    4.2000E-01      1530    306    180     66   1.31    2.3865E-01    3.1748E+01
  4266    199    710.0000    124.8367     2314.1790      212.4660    73.9820    46.5215    3.0410E+00    7.9482E-01    4.3500E-01      1503    296    190     70   1.30    2.3917E-01    2.8647E+01
  4254    198    713.0000    129.2837     2308.6310      133.1080    90.2290    46.9940    3.1153E+00    6.9182E-01    3.6000E-01      1500    323    177     42   1.29    2.4666E-01    3.3378E+01
  4236    198    717.0000    123.4399     2301.3340      282.8360   111.1750    46.8531    3.0249E+00    6.7495E-01    5.5500E-01      1505    316    174    112   1.29    3.1473E-01    2.5795E+01
  4195    196    720.0000    122.7486     2285.0140      244.5860   119.0940    47.1289    3.0234E+00    7.3284E-01    5.2500E-01      1476    302    165     88   1.26    2.8207E-01    3.1583E+01
  4147    193    723.0000    124.5656     2270.3510      243.1560   127.8190    46.8542    3.0669E+00    7.0410E-01    5.1000E-01      1477    306    163     88   1.25    2.8634E-01    3.4609E+01
  4109    192    727.0000    114.6852     2258.0850      256.5660   135.6140    46.9076    2.9127E+00    7.2180E-01    5.1000E-01      1441    309    171     94   1.28    2.5796E-01    2.5136E+01
  4065    190    730.0000    113.8370     2240.4890      158.3460   134.9040    46.7703    2.9088E+00    6.7044E-01    3.7500E-01      1433    312    156     57   1.28    2.3187E-01    2.7527E+01
  4008    188    734.0000    117.1557     2219.2440       70.3460   130.5510    46.6633    2.9798E+00    6.2594E-01    2.1000E-01      1407    312    154     20   1.26    2.0644E-01    3.5173E+01
  3945    188    737.0000    115.8636     2196.6140       73.4040   119.0560    46.5305    2.9748E+00    6.3094E-01    1.8000E-01      1367    312    148     19   1.23    1.8209E-01    3.7242E+01
  3877    186    741.0000    120.4932     2166.7170      129.4020    98.6080    46.3251    3.0702E+00    6.5798E-01    3.0000E-01      1394    318    154     42   1.23    2.1706E-01    3.2258E+01
  3810    186    744.0000    122.1027     2140.8470      152.1200    85.4470    46.0361    3.1162E+00    6.4393E-01    3.4500E-01      1385    288    146     39   1.20    2.5312E-01    3.3479E+01
  3759    183    748.0000    112.8737     2117.7130      147.9540    70.4430    45.8428    2.9694E+00    6.4065E-01    3.1500E-01      1296    328    157     46   1.20    2.2344E-01    3.7731E+01
  3695    181    751.0000    110.1101     2096.1090       55.1520    61.8920    45.7500    2.9397E+00    6.0684E-01    1.8000E-01      1333    303    151     19   1.19    1.8389E-01    2.9456E+01
  3668    178    755.0000    117.8003     2084.8900      105.8920    62.2980    45.5771    3.0825E+00    7.3284E-01    3.0000E-01      1350    265    165     36   1.20    2.2817E-01    3.1505E+01
  3641    178    758.0000    119.5402     2074.8430      261.8220    63.9510    45.1866    3.1210E+00    7.5832E-01    5.7000E-01      1332    264    157     97   1.16    3.1999E-01    3.2951E+01
  3620    178    762.0000    115.4833     2063.7470      141.0120    67.2220    45.5889    3.0547E+00    7.6571E-01    4.2000E-01      1308    265    167     47   1.20    2.7795E-01    3.2702E+01
  3584    174    765.0000    108.6176     2048.4110      111.1720    62.3240    45.1333    2.9419E+00    7.4663E-01    3.1500E-01      1312    280    167     37   1.28    2.4014E-01    3.1223E+01
  3566    174    768.0000    111.2780     2041.3970      179.8060    60.7960    45.2253    2.9950E+00    6.8736E-01    4.3500E-01      1298    286    151     63   1.24    2.4940E-01    3.3670E+01
  3565    174    772.0000    112.7760     2041.1110      224.2800    49.8800    42.9785    3.0222E+00    7.3196E-01    5.1000E-01      1317    262    162     82   1.30    2.6560E-01    3.0337E+01
  3565    174    775.0000    120.2928     2039.5420      240.3120    42.8550    42.1501    3.1542E+00    7.3583E-01    5.4000E-01      1310    267    160     91   1.28    2.8928E-01    2.6137E+01
  3564    173    779.0000    128.0267     2035.2830      225.7040    36.4080    39.9997    3.2862E+00    7.2141E-01    4.9500E-01      1296    260    156     75   1.25    2.6819E-01    4.0288E+01
  3564    173    782.0000    131.1426     2033.7180      268.0300    49.3110    41.4006    3.3385E+00    7.5276E-01    6.4500E-01      1326    259    157    102   1.22    3.0829E-01    2.7661E+01
  3563    173    786.0000    121.1893     2032.8350      217.9800    74.8750    44.6781    3.1674E+00    7.6691E-01    5.5500E-01      1291    246    151     83   1.19    3.0148E-01    2.7029E+01
  3554    173    789.0000    121.6300     2030.9310      225.5720   115.6930    45.2324    3.1787E+00    7.1254E-01    5.5500E-01      1292    272    151     89   1.19    2.7977E-01    2.9014E+01
  3533    170    793.0000    118.2482     2021.2800      175.0740   156.7360    44.9773    3.1252E+00    6.8618E-01    4.8000E-01      1268    277    147     69   1.19    2.4991E-01    3.1354E+01
  3488    166    796.0000    107.7161     2000.9460      262.4100   170.7900    45.1498    2.9485E+00    7.6791E-01    6.1500E-01      1220    239    149     98   1.18    3.1698E-01    2.6478E+01
  3398    163    800.0000     99.7332     1963.0140      234.2600   175.1620    44.8467    2.8253E+00    6.8274E-01    5.4000E-01      1170    266    134     84   1.16    3.0952E-01    3.0773E+01
  3263    158    803.0000    109.2133     1905.1600      191.3800   138.4100    44.4271    3.0418E+00    6.4447E-01    4.9500E-01      1181    263    139     73   1.10    2.6595E-01    3.4670E+01
  3185    156    807.0000     98.7342     1877.4360      159.1880   123.4100    44.0610    2.8696E+00    6.5426E-01    4.0500E-01      1153    277    141     55   1.09    2.7936E-01    3.0848E+01
  3108    151    810.0000     98.1084     1848.6510      215.4460   102.7990    43.8396    2.8830E+00    6.9953E-01    5.2500E-01      1117    255    137     78   1.07    3.0095E-01    2.5534E+01
  3075    151    814.0000     99.1785     1833.8610      256.0700    94.4290    43.6616    2.9139E+00    6.8230E-01    5.7000E-01      1110    239    123     88   1.08    3.1588E-01    2.9254E+01
  3023    149    817.0000     93.7602     1806.5040      166.3740    72.0650    43.6123    2.8202E+00    7.2919E-01    4.3500E-01      1079    255    137     55   1.09    2.9184E-01    4.1210E+01
  2980    148    820.0000     95.4551     1785.0260      239.9460    56.1470    43.2283    2.8661E+00    6.7166E-01    5.7000E-01      1086    241    131     84   1.07    3.4548E-01    2.6835E+01
  2951    147    824.0000     93.9458     1775.0030      210.1260    51.0970    43.1656    2.8464E+00    6.9433E-01    4.9500E-01      1079    247    123     73   1.08    2.8956E-01    2.9839E+01
  2925    147    827.0000     86.8736     1764.9170      162.6960    46.8300    43.0248    2.7103E+00    6.1316E-01    4.0500E-01      1045    277    124     56   1.16    2.7636E-01    2.9822E+01
  2913    147    831.0000     80.1164     1758.5270      168.9640    41.5330    41.5527    2.5708E+00    6.3578E-01    4.3500E-01      1064    282    125     60   1.29    2.4159E-01    2.9316E+01
  2913    147    834.0000     78.5359     1757.0320      224.5480    35.3930    41.1419    2.5361E+00    6.3177E-01    4.9500E-01      1065    286    122     77   1.29    2.8337E-01    2.9088E+01
  2911    147    838.0000     95.8994     1755.8560      167.5840    30.2100    42.9987    2.8979E+00    6.4597E-01    4.6500E-01      1048    253    120     62   1.17    2.7314E-01    3.4283E+01
  2905    147    841.0000    111.2729     1753.5970      168.6160    23.7610    42.5557    3.2022E+00    6.5954E-01    4.3500E-01      1060    238    125     57   1.08    2.9118E-01    2.8154E+01
  2896    147    845.0000    113.2944     1748.0630      128.7460    22.8790    42.5111    3.2432E+00    6.7819E-01    3.9000E-01      1044    243    134     43   1.03    2.9185E-01    3.1802E+01
  2893    147    848.0000    102.9835     1746.4480      178.5400    33.1790    42.6876    3.0442E+00    7.1033E-01    4.5000E-01      1030    243    127     54   1.00    2.7496E-01    3.6393E+01
  2886    147    852.0000    100.4362     1743.4220       95.0080    57.1860    42.6755    2.9962E+00    5.9770E-01    3.0000E-01      1041    242    120     33   1.01    2.3653E-01    2.6041E+01
  2883    147    855.0000     96.9187     1740.7480      133.9540    86.1610    42.9060    2.9261E+00    6.0768E-01    3.9000E-01      1023    258    115     42   1.01    2.4377E-01    3.2431E+01
  2871    146    859.0000     99.0247     1737.0450      130.7140   118.0430    42.7615    2.9733E+00    6.2194E-01    3.4500E-01      1030    222    118     41   1.00    2.7540E-01    3.4919E+01
  2849    145    862.0000     91.6481     1729.2900       96.4700   138.4270    42.9082    2.8320E+00    5.7952E-01    3.1500E-01      1013    248    114     32   1.01    2.5847E-01    2.6452E+01
  2822    145    865.0000     89.4940     1719.2190       73.4940   151.0300    42.8114    2.7972E+00    6.0469E-01    2.5500E-01      1006    235    110     24   1.01    2.1142E-01    3.0685E+01
  2788    144    869.0000     86.6080     1702.4510      133.2900   147.4370    42.5594    2.7468E+00    5.9680E-01    3.6000E-01       984    235    108     41   1.00    2.4112E-01    3.3488E+01
  2753    143    872.0000     81.9027     1682.4070      134.5060   134.1360    42.5682    2.6551E+00    6.3186E-01    3.6000E-01       959    262    111     43   1.03    2.4355E-01    3.7675E+01
  2713    141    876.0000     80.8463     1665.9460      235.6420   127.7500    42.3994    2.6456E+00    6.2344E-01    5.2500E-01       926    259    109     76   1.05    2.8700E-01    3.3573E+01
  2661    138    879.0000     79.1176     1642.6380      219.4140   109.2330    42.2082    2.6244E+00    5.9847E-01    4.6500E-01       914    226    100     64   1.07    3.2061E-01    3.5117E+01
  2629    136    883.0000     81.8074     1627.8020       78.1320    99.2600    42.1123    2.6940E+00    5.4444E-01    2.4000E-01       914    245    108     22   1.09    2.3499E-01    3.5980E+01
  2592    135    886.0000     79.3830     1609.8060      144.7780    85.8480    41.7228    2.6521E+00    5.6637E-01    3.6000E-01       915    264    108     47   1.15    2.4671E-01    3.4628E+01
  2558    135    890.0000     76.7220     1596.9970      131.6520    73.7710    41.8365    2.6051E+00    5.5108E-01    3.0000E-01       887    268    104     39   1.29    2.4294E-01    3.9896E+01
  2558    134    893.0000     75.3715     1594.9420      102.1540    63.8220    39.4635    2.5734E+00    6.1284E-01    2.8500E-01       900    259    109     30   1.30    2.3071E-01    3.5979E+01
  2558    134    897.0000     81.5362     1594.9290      120.5880    55.2730    37.5151    2.7118E+00    6.4833E-01    3.9000E-01       905    221    115     40   1.26    2.5814E-01    3.2844E+01
  2558    133    900.0000     84.4643     1593.1890      132.5220    42.3600    36.0089    2.7754E+00    5.7689E-01    3.6000E-01       909    245    104     39   1.21    2.5885E-01    3.4889E+01
  2557    133    904.0000     99.4624     1590.0580       82.8740    41.6810    37.9376    3.0935E+00    6.1620E-01    2.2500E-01       909    232    104     23   1.14    1.9859E-01    3.6131E+01
  2557    133    907.0000    103.1164     1590.0360       62.8220    59.3420    40.2674    3.1688E+00    6.0487E-01    1.5000E-01       903    227    100     16   1.10    1.8532E-01    3.7706E+01
  2549    132    911.0000     97.0751     1583.9590       67.1340    88.9150    40.2236    3.0454E+00    6.3757E-01    2.2500E-01       899    204    104     21   1.06    2.1248E-01    3.1392E+01
  2532    131    914.0000    101.1976     1576.3810       85.6780   113.6480    41.4109    3.1380E+00    6.3067E-01    2.8500E-01       900    238    107     26   1.05    2.3512E-01    3.3211E+01
  2497    128    917.0000     86.8320     1559.4550      124.8900   124.4940    40.7879    2.8458E+00    5.6233E-01    3.0000E-01       860    237    100     39   1.02    2.2210E-01    3.2004E+01
  2468    127    921.0000     80.9629     1546.4710      116.4960   139.2490    41.2431    2.7266E+00    5.1044E-01    3.1500E-01       831    231     99     39   1.03    2.2492E-01    3.1893E+01
  2414    123    924.0000     76.7571     1523.2570       87.8880   147.7540    41.2103    2.6513E+00    5.2103E-01    3.0000E-01       824    241     99     27   1.05    2.5427E-01    3.2412E+01
  2346    120    928.0000     80.6050     1494.9480      115.8280   134.7030    40.7298    2.7668E+00    6.0718E-01    3.4500E-01       818    228    102     34   1.02    2.3373E-01    3.4153E+01
  2292    118    931.0000     77.5068     1471.6590      102.4940   128.5050    40.7414    2.7171E+00    5.9924E-01    2.8500E-01       789    217     93     30   0.98    2.3619E-01    3.3897E+01
  2236    117    935.0000     71.6688     1445.8700      118.4020   110.5880    40.2800    2.6001E+00    5.2454E-01    2.8500E-01       773    212     92     36   0.99    2.2470E-01    3.8322E+01
  2185    116    938.0000     69.9311     1423.3220       94.5580    97.4990    40.1724    2.5781E+00    4.8873E-01    2.5500E-01       737    232     85     26   1.01    2.3847E-01    3.8013E+01
  2138    115    942.0000     72.0872     1401.4810       92.4620    89.9630    39.8289    2.6498E+00    4.6194E-01    2.5500E-01       735    229     88     26   1.05    2.3050E-01    3.6043E+01
  2100    113    945.0000     65.4969     1383.6950       43.7640    73.7070    39.7431    2.5005E+00    4.8342E-01    1.2000E-01       743    243     86     10   1.13    1.8415E-01    3.9118E+01
  2094    112    949.0000     65.1135     1375.8680       56.7840    63.1280    39.1192    2.4901E+00    5.3465E-01    2.1000E-01       733    221     87     16   1.19    2.2637E-01    3.5158E+01
  2095    113    952.0000     67.9798     1377.3800      117.4020    52.3250    39.7125    2.5629E+00    4.8661E-01    2.8500E-01       731    226     90     37   1.22    1.9315E-01    2.9996E+01
  2095    113    956.0000     71.0695     1375.9640      108.2580    47.9770    39.3171    2.6391E+00    5.4263E-01    2.5500E-01       736    220     96     32   1.23    2.2305E-01    3.3891E+01
  2094    113    959.0000     76.2593     1375.8280       77.2900    36.7400    37.0223    2.7667E+00    5.5558E-01    2.7000E-01       737    218     98     23   1.23    2.5244E-01    3.6269E+01
  2092    113    962.0000     80.1175     1375.3450       57.6580    41.2700    38.5647    2.8605E+00    5.0637E-01    1.5000E-01       736    206     89     14   1.20    1.6716E-01    3.8865E+01
  2085    113    966.0000     77.8453     1371.6200      129.2800    64.9660    39.1178    2.8089E+00    4.8024E-01    3.0000E-01       736    212     84     42   1.20    2.1806E-01    3.1475E+01
  2071    113    969.0000     77.4769     1365.5000       61.0420    86.9130    39.4476    2.8066E+00    5.3270E-01    1.8000E-01       719    198     81     19   1.18    1.8893E-01    3.2670E+01
  2049    112    973.0000     71.9849     1358.0100      100.7580   106.2470    39.5864    2.6837E+00    4.4707E-01    2.7000E-01       710    189     79     29   1.16    2.1796E-01    3.9456E+01
  2008    112    976.0000     64.3826     1337.5000       58.2620   123.5410    39.3891    2.5072E+00    4.3154E-01    1.6500E-01       688    209     81     17   1.10    1.7603E-01    3.8119E+01
  1982    110    980.0000     61.7837     1324.6150      102.1740   139.7500    39.3002    2.4494E+00    4.4928E-01    2.4000E-01       673    226     85     35   1.13    1.8929E-01    3.2392E+01
  1929    109    983.0000     60.2378     1297.3920      101.7320   125.0500    39.0754    2.4288E+00    4.2043E-01    2.4000E-01       642    201     73     27   1.07    2.0089E-01    3.4332E+01
  1859    105    987.0000     68.5517     1264.9000       71.5120    97.8380    38.7627    2.6807E+00    4.2090E-01    1.6500E-01       642    197     78     18   1.02    1.7881E-01    3.8515E+01
  1799    103    990.0000     67.2067     1236.0420       18.9840    77.8160    38.4840    2.6744E+00    5.1654E-01    3.0000E-02       625    185     79      5   0.99    1.6717E-01    3.7309E+01
  1748    103    994.0000     59.5337     1210.7380       40.7320    56.3040    38.1738    2.4899E+00    4.9229E-01    1.2000E-01       610    174     72     12   0.95    1.8080E-01    3.4866E+01
  1718    101    997.0000     59.9666     1197.9330       85.1360    49.3850    37.8625    2.5176E+00    4.1297E-01    2.2500E-01       602    199     74     26   0.97    1.9175E-01    3.1374E+01
  1699    101   1001.0000     62.4138     1191.6950       40.4260    48.7690    37.8793    2.5974E+00    4.4650E-01    1.2000E-01       592    183     75     10   0.94    1.6652E-01    3.6207E+01
  1682    100   1004.0000     64.1119     1180.0630       62.6660    43.5430    37.3548    2.6507E+00    4.4608E-01    1.5000E-01       594    202     72     15   0.93    1.6794E-01    3.9471E+01
  1673     99   1007.0000     58.9068     1173.8550       95.7660    45.5860    37.6235    2.5084E+00    4.3200E-01    2.5500E-01       579    203     74     28   0.94    2.0269E-01    3.6551E+01
  1659     98   1011.0000     61.8438     1164.6100       99.6720    43.4090    37.1861    2.5966E+00    5.2021E-01    3.1500E-01       590    176     74     30   0.93    2.5250E-01    3.4273E+01
  1649     98   1014.0000     62.7601     1161.8410       41.6040    45.3540    37.4347    2.6290E+00    4.7644E-01    1.2000E-01       596    189     72     10   0.97    1.9769E-01    3.8132E+01
  1637     98   1018.0000     63.7044     1155.2580       43.8480    41.5580    37.1753    2.6612E+00    4.4505E-01    1.6500E-01       591    173     73     13   0.99    2.1493E-01    3.6645E+01
  1615     97   1021.0000     59.7709     1147.7860       45.0260    40.8810    37.2045    2.5645E+00    4.9807E-01    1.6500E-01       584    197     71     13   1.04    2.1565E-01    3.3416E+01
  1595     96   1025.0000     62.9069     1139.7850       65.0040    39.2170    37.3684    2.6659E+00    5.0791E-01    1.8000E-01       570    177     70     17   1.06    2.0129E-01    3.5812E+01
  1584     96   1028.0000     56.0025     1135.0180       93.9100    31.2200    34.2642    2.4733E+00    4.9889E-01    2.8500E-01       575    187     76     29   1.18    2.4759E-01    3.1245E+01
  1584     96   1032.0000     57.4570     1133.6550       87.8820    18.9210    31.6084    2.5149E+00    4.6964E-01    2.2500E-01       581    180     71     24   1.18    2.0823E-01    3.5604E+01
  1584     96   1035.0000     62.2698     1133.6420       74.8520    16.7430    30.4502    2.6534E+00    5.4904E-01    2.4000E-01       575    159     75     22   1.14    2.1964E-01    3.4811E+01
  1584     96   1039.0000     68.9932     1133.6250      102.6100    16.7260    34.1223    2.8411E+00    5.0821E-01    3.3000E-01       573    169     72     29   1.08    2.8984E-01    3.7363E+01
  1583     96   1042.0000     77.3472     1131.0390       85.4260    28.9260    34.2796    3.0648E+00    6.1555E-01    3.9000E-01       574    166     71     23   1.04    3.4840E-01    3.7480E+01
  1581     96   1046.0000     76.3516     1128.9460      140.0700    52.6380    34.5786    3.0388E+00    6.1017E-01    4.6500E-01       575    146     74     45   1.00    3.5324E-01    3.1754E+01
  1573     96   1049.0000     65.5065     1124.7640      133.6780    95.2380    36.1888    2.7482E+00    5.5307E-01    4.6500E-01       559    168     71     41   0.97    3.6113E-01    3.5322E+01
  1546     96   1053.0000     61.6732     1112.6840      107.0160   112.2300    36.9184    2.6562E+00    5.9948E-01    4.5000E-01       541    168     70     35   0.93    3.5150E-01    3.0843E+01
  1505     96   1056.0000     58.9773     1093.4600      141.2520   117.4050    36.8052    2.6023E+00    5.2587E-01    4.0500E-01       527    174     68     46   0.92    2.8773E-01    2.9500E+01
  1452     95   1059.0000     51.3595     1069.9390       82.5500   124.1720    36.6420    2.4040E+00    5.9687E-01    3.0000E-01       513    161     71     27   0.88    2.4153E-01    2.9948E+01
  1404     91   1063.0000     56.9722     1037.7390      134.7120   109.5800    36.0296    2.5985E+00    6.4264E-01    5.4000E-01       530    163     70     48   0.86    3.2745E-01    2.8789E+01
  1377     90   1066.0000     51.5945     1023.8110      212.7420   104.3590    35.9798    2.4479E+00    6.8719E-01    7.2000E-01       506    153     71     82   0.84    4.2544E-01    2.6214E+01
  1343     89   1070.0000     50.3278     1004.8760      148.2360    87.2480    35.7916    2.4266E+00    5.8884E-01    5.2500E-01       475    169     66     53   0.86    3.6546E-01    3.1238E+01
  1317     88   1073.0000     52.8157      988.8430      101.4440    73.5030    35.6910    2.5199E+00    5.8359E-01    4.6500E-01       472    162     69     39   0.86    3.4152E-01    2.9715E+01
  1286     86   1077.0000     51.2703      972.1530       57.9760    58.4400    34.8127    2.4896E+00    5.4275E-01    2.5500E-01       471    162     66     20   0.89    2.5321E-01    2.8988E+01
  1261     85   1080.0000     55.4490      956.2530      109.5260    45.5080    34.9635    2.6375E+00    5.4157E-01    3.6000E-01       468    152     63     35   0.94    2.7914E-01    3.1989E+01
  1245     84   1084.0000     50.4943      947.2810      113.1880    40.0650    34.2113    2.4879E+00    5.7196E-01    4.0500E-01       459    154     63     39   1.07    2.8460E-01    2.8672E+01
  1245     84   1087.0000     43.7984      945.9650      112.4000    17.4700    27.0385    2.2617E+00    5.1109E-01    3.9000E-01       475    190     69     42   1.20    2.5311E-01    2.4461E+01
  1245     84   1091.0000     52.8603      945.9580       95.3420     3.0080    20.9391    2.5638E+00    5.7398E-01    3.6000E-01       469    166     67     30   1.16    2.8487E-01    3.2552E+01
  1245     84   1094.0000     64.2486      945.9550       66.3280     0.7510    18.1585    2.9199E+00    5.2823E-01    2.7000E-01       472    163     66     22   1.09    2.4137E-01    2.9382E+01
  1245     84   1098.0000     73.4754      945.9480       69.8920     5.5990    25.3609    3.1932E+00    5.5501E-01    3.3000E-01       467    159     70     26   1.03    2.8474E-01    2.7042E+01
  1244     84   1101.0000     76.6677      945.7710       65.2340    26.2500    30.4467    3.2863E+00    4.7882E-01    2.1000E-01       457    156     64     20   0.98    2.0310E-01    3.2617E+01
  1242     84   1104.0000     62.8064      945.0120       67.7660    87.7050    35.0938    2.8790E+00    4.8072E-01    2.8500E-01       461    151     60     22   0.96    2.7503E-01    3.1118E+01
  1233     84   1108.0000     54.3003      938.1540       68.6720   119.5300    34.4803    2.6171E+00    4.6716E-01    2.8500E-01       450    157     56     24   0.93    2.5581E-01    2.9254E+01
  1200     81   1111.0000     47.5523      923.0120       54.8940   127.7310    34.5341    2.4190E+00    4.5121E-01    2.2500E-01       419    148     58     20   0.88    2.2230E-01    2.7447E+01
  1133     76   1115.0000     42.7378      889.9380      126.2180   112.2810    34.5185    2.2981E+00    4.3134E-01    3.9000E-01       399    165     55     44   0.83    2.7271E-01    2.9336E+01
  1075     73   1118.0000     39.0465      855.1040       71.9460    95.0610    33.9729    2.1986E+00    4.9468E-01    3.3000E-01       380    143     50     24   0.76    3.0894E-01    2.8955E+01
  1049     71   1122.0000     37.0670      837.9920       51.2080    83.2850    33.7560    2.1383E+00    3.8803E-01    1.8000E-01       376    146     49     16   0.77    2.2032E-01    3.1584E+01
  1028     70   1125.0000     41.0125      825.9520       59.5680    77.0700    33.5826    2.3022E+00    3.8912E-01    2.2500E-01       366    156     49     19   0.78    2.2805E-01    3.0954E+01
  1007     70   1129.0000     39.8656      817.0790       37.0120    71.3680    33.2590    2.2770E+00    4.0554E-01    1.5000E-01       365    156     48      9   0.80    2.2170E-01    3.2439E+01
   982     66   1132.0000     39.9376      803.0120       31.8420    63.5460    33.2746    2.2984E+00    4.5073E-01    1.2000E-01       363    148     49     10   0.80    2.1623E-01    3.3221E+01
   964     66   1136.0000     37.5737      796.3130       29.1240    59.9210    33.0650    2.2234E+00    4.0156E-01    9.0000E-02       346    154     47      7   0.82    2.2447E-01    3.3930E+01
   942     63   1139.0000     40.1353      780.5960       27.6100    50.7840    32.9606    2.3376E+00    4.0476E-01    1.0500E-01       352    135     47      8   0.81    1.9644E-01    3.3920E+01
   921     62   1143.0000     38.9939      768.7290       45.1840    44.8170    32.1426    2.3101E+00    3.2263E-01    1.6500E-01       339    146     46     13   0.87    1.8327E-01    3.5619E+01
   907     59   1146.0000     33.7214      760.1430       17.7040    39.3810    32.2877    2.1068E+00    4.0466E-01    6.0000E-02       335    146     46      5   1.19    2.1901E-01    3.6433E+01
   906     60   1150.0000     31.7070      759.2580       59.6960    19.7420    27.9178    2.0225E+00    3.9788E-01    2.2500E-01       346    154     48     17   1.20    2.5785E-01    3.5198E+01
   906     60   1153.0000     37.0739      759.2560       30.9240    11.7270    22.9849    2.2447E+00    3.8207E-01    1.5000E-01       341    139     47      8   1.15    2.4212E-01    3.6173E+01
   906     60   1156.0000     45.3435      759.2410       69.7260    11.2130    26.3363    2.5672E+00    3.6044E-01    2.2500E-01       343    145     46     20   1.08    2.2067E-01    3.4863E+01
   904     60   1160.0000     51.3680      758.5270       76.0160    23.6260    29.5240    2.7924E+00    3.9413E-01    2.7000E-01       340    128     46     24   1.01    2.6409E-01    3.4498E+01
   897     60   1163.0000     48.7101      750.8770       63.1220    38.1810    30.7780    2.6977E+00    3.8569E-01    1.9500E-01       330    132     44     17   0.95    2.1468E-01    3.6257E+01
   882     60   1167.0000     41.6367      738.5260       40.2120    56.0530    31.0250    2.4390E+00    4.2303E-01    1.6500E-01       317    121     44     11   0.88    2.5930E-01    3.7937E+01
   863     58   1170.0000     36.4127      728.4620       18.4300    82.0490    32.1581    2.2472E+00    3.4122E-01    1.0500E-01       308    130     35      5   0.85    1.7274E-01    3.9687E+01
   842     55   1174.0000     31.1426      712.9810       40.9680    94.7440    31.8677    2.0379E+00    3.7712E-01    1.3500E-01       309    129     38     11   0.84    2.1551E-01    3.5438E+01
   817     55   1177.0000     36.3321      702.7610       59.1620    98.3550    31.4832    2.2852E+00    4.2163E-01    2.7000E-01       302    117     37     17   0.79    3.1825E-01    3.4948E+01
   778     54   1181.0000     36.9357      677.8950       60.9320    81.7420    31.4963    2.3453E+00    4.6661E-01    3.0000E-01       280    113     36     18   0.75    3.3620E-01    3.3864E+01
   750     53   1184.0000     36.3208      662.4280       54.3680    80.8620    31.1710    2.3483E+00    3.9124E-01    2.8500E-01       279    110     36     17   0.73    3.0861E-01    3.1327E+01
   726     49   1188.0000     30.0525      641.3250       62.2580    65.2950    30.9055    2.0844E+00    4.6162E-01    3.1500E-01       276    110     37     18   0.73    3.2571E-01    3.3863E+01
   711     49   1191.0000     31.9481      631.0460       55.0100    61.5070    30.7311    2.1843E+00    4.7619E-01    3.0000E-01       268    124     37     16   0.71    3.5177E-01    3.3983E+01
   694     48   1195.0000     34.5496      620.7830       45.3680    55.0920    30.2929    2.3194E+00    4.5997E-01    2.5500E-01       266     97     39     15   0.68    2.8596E-01    3.0152E+01
   679     46   1198.0000     31.4365      614.2240       56.8900    55.9740    30.2573    2.1963E+00    4.2310E-01    3.0000E-01       260    128     39     21   0.73    2.8415E-01    2.7664E+01
   664     44   1201.0000     28.3602      603.6400       64.9840    49.6310    30.2096    2.0638E+00    3.9371E-01    3.0000E-01       259    110     39     22   0.73    2.8591E-01    3.0175E+01
   651     44   1205.0000     31.6245      595.1090       73.9940    48.1820    29.7247    2.2328E+00    3.9062E-01    2.8500E-01       246    114     38     25   0.71    2.6573E-01    3.0085E+01
   644     43   1208.0000     29.3984      589.7410       45.2260    40.4040    29.6080    2.1329E+00    3.9668E-01    2.1000E-01       248    117     39     16   0.79    2.4846E-01    2.8931E+01
   644     43   1212.0000     28.0131      588.5770       36.7160    36.6420    28.2527    2.0640E+00    3.4802E-01    1.3500E-01       241    102     35     11   0.83    2.4556E-01    3.4508E+01
   644     43   1215.0000     30.4405      588.5670       19.7780    32.3760    27.0657    2.1816E+00    3.9338E-01    1.0500E-01       247    107     36      6   0.86    3.0490E-01    3.2439E+01
   644     43   1219.0000     36.5726      588.5590       32.9040    26.4260    25.0717    2.4655E+00    4.1067E-01    1.6500E-01       250    102     38     10   0.86    2.4512E-01    3.2171E+01
   644     43   1222.0000     34.9728      588.3230       62.0600    22.1170    23.8360    2.3928E+00    4.3125E-01    3.1500E-01       247     99     39     20   0.83    3.1460E-01    3.1030E+01
   644     43   1226.0000     38.1822      587.2990       51.5620    24.8510    25.3981    2.5355E+00    4.1261E-01    2.4000E-01       247    108     37     16   0.83    2.7920E-01    3.2987E+01
   644     43   1229.0000     41.3214      585.6050       45.8780    32.9540    29.3350    2.6701E+00    3.6901E-01    1.9500E-01       255    100     37     13   0.83    2.3840E-01    3.2848E+01
   643     43   1233.0000     43.3098      583.6300       27.6060    46.0450    27.7620    2.7543E+00    3.4234E-01    1.0500E-01       252    101     32      7   0.83    2.2214E-01    3.4910E+01
   639     44   1236.0000     37.5422      582.6760       39.7280    63.6050    29.6797    2.5112E+00    5.7343E-01    3.0000E-01       246     81     32     11   0.83    4.0237E-01    3.4455E+01
   627     43   1240.0000     32.9868      570.9140       34.5680    73.8950    29.6056    2.3119E+00    4.5117E-01    2.4000E-01       230     91     35     11   0.81    3.1573E-01    3.0605E+01
   602     41   1243.0000     30.8518      551.3230       42.8820    70.7540    28.7111    2.2345E+00    5.2197E-01    3.7500E-01       224     87     32     14   0.77    4.3041E-01    3.4059E+01
   584     40   1247.0000     30.9396      539.1940       56.6200    70.2610    28.9243    2.2593E+00    4.3391E-01    3.6000E-01       214     82     31     18   0.73    3.7661E-01    3.0938E+01
   560     38   1250.0000     27.5887      519.1200       47.8560    56.4110    28.8812    2.1145E+00    4.0805E-01    2.7000E-01       202     80     29     14   0.69    3.5755E-01    3.2834E+01
   531     36   1253.0000     25.8493      497.5730       50.8160    47.9710    28.3185    2.0547E+00    4.3737E-01    3.3000E-01       202     97     29     17   0.68    3.5071E-01    3.0965E+01
   522     36   1257.0000     27.3329      493.9560       41.0940    46.6270    27.4173    2.1472E+00    4.0691E-01    2.1000E-01       200     93     27     12   0.69    3.4137E-01    3.3974E+01
   515     36   1260.0000     26.1945      488.8030       53.7800    45.2650    27.6108    2.0951E+00    3.4127E-01    2.4000E-01       189     86     26     15   0.70    2.7463E-01    3.5113E+01
   503     35   1264.0000     23.0633      480.3880       42.6480    39.7610    27.7757    1.9381E+00    3.8214E-01    2.5500E-01       193     91     29     14   0.71    3.0561E-01    3.0156E+01
   496     34   1267.0000     23.2286      474.9080       75.9320    36.3010    27.8946    1.9547E+00    4.9645E-01    4.3500E-01       186     90     30     26   0.69    3.8175E-01    2.8672E+01
   487     33   1271.0000     26.7144      467.6710       78.9800    32.2730    27.3902    2.1559E+00    5.1591E-01    4.9500E-01       182     88     31     27   0.70    4.3385E-01    3.0974E+01
   479     32   1274.0000     24.8052      458.0180       39.2520    26.6560    27.3853    2.0561E+00    4.7261E-01    2.8500E-01       177     86     29     12   0.70    3.7430E-01    3.0820E+01
   474     31   1278.0000     23.8704      455.9130       20.8460    30.1580    27.3501    2.0124E+00    5.3215E-01    1.3500E-01       182     82     28      6   0.72    4.0679E-01    3.2103E+01
   465     31   1281.0000     25.2585      448.0470       54.4580    25.0580    26.9620    2.0991E+00    4.9613E-01    3.0000E-01       181     79     28     17   0.74    3.4509E-01    3.0570E+01
   455     30   1285.0000     24.0337      440.9160       66.2340    27.9440    26.5286    2.0437E+00    4.0384E-01    3.6000E-01       175     87     26     20   0.75    3.5688E-01    3.3117E+01
   447     30   1288.0000     22.9367      435.3170       30.8960    26.3620    25.5891    1.9915E+00    3.5460E-01    1.8000E-01       175     79     24      9   0.77    2.9369E-01    3.3900E+01
   447     30   1292.0000     23.7230      432.9560       19.5720    28.1480    24.4277    2.0331E+00    3.8447E-01    1.3500E-01       176     80     26      5   0.78    3.3125E-01    3.3075E+01
   448     29   1295.0000     22.9603      432.9490       28.2440    20.9730    26.0721    1.9869E+00    2.5612E-01    1.2000E-01       176     76     27      9   0.81    1.8258E-01    3.1348E+01
   447     29   1298.0000     24.1668      432.7750       25.9120    18.4730    26.4570    2.0581E+00    3.4633E-01    1.5000E-01       175     78     27      8   0.79    2.5412E-01    3.0445E+01
   444     31   1302.0000     29.7645      430.5800       35.3380    14.8990    24.4571    2.3693E+00    3.5084E-01    1.9500E-01       166     69     26     10   0.76    3.0936E-01    3.4579E+01
   446     29   1305.0000     28.5365      429.6620       47.9580    18.4900    26.8722    2.2965E+00    3.4595E-01    2.7000E-01       167     70     26     14   0.74    2.9177E-01    3.2861E+01
   443     29   1309.0000     27.1906      427.1260       24.4160    29.5020    25.8229    2.2274E+00    3.7070E-01    1.5000E-01       168     66     25      7   0.73    2.8289E-01    3.3111E+01
   440     29   1312.0000     28.5962      424.9870       23.0920    43.3940    26.9109    2.3081E+00    3.1931E-01    2.1000E-01       168     81     25      7   0.71    2.9009E-01    3.2796E+01
   433     28   1316.0000     24.4062      419.1900       50.3980    55.0200    26.7726    2.0851E+00    3.8300E-01    3.3000E-01       162     65     23     15   0.74    3.6556E-01    3.3471E+01
   424     27   1319.0000     25.2854      410.1140       35.0820    55.8860    26.0654    2.1434E+00    4.2095E-01    2.2500E-01       159     68     23     10   0.66    3.9233E-01    3.2319E+01
   409     27   1323.0000     23.3622      400.2430       39.6240    57.2990    26.3834    2.0562E+00    4.1057E-01    2.2500E-01       154     70     23     12   0.64    3.3865E-01    3.1810E+01
   390     26   1326.0000     23.1351      386.9200       44.5920    51.8250    25.8256    2.0720E+00    3.0175E-01    1.9500E-01       147     72     20     12   0.61    3.0175E-01    3.4643E+01
   375     26   1330.0000     21.4199      376.4540       21.9140    48.1590    25.0931    1.9917E+00    3.7710E-01    1.6500E-01       141     67     22      6   0.58    3.7324E-01    3.1409E+01
   367     26   1333.0000     18.6839      371.5230       37.7580    46.9090    25.6058    1.8312E+00    3.1379E-01    2.2500E-01       136     75     20     11   0.59    3.1379E-01    3.2667E+01
   356     24   1337.0000     15.9312      361.1050       27.8240    46.3130    25.4719    1.6577E+00    2.5907E-01    9.0000E-02       135     75     19      8   0.61    2.8351E-01    3.3865E+01
   347     24   1340.0000     18.0746      354.2050       23.3900    41.4300    25.0055    1.8163E+00    3.4882E-01    1.8000E-01       137     52     20      7   0.57    3.4882E-01    3.1959E+01
   342     25   1343.0000     22.0247      352.5460       44.7140    41.2690    25.2859    2.0849E+00    3.8315E-01    3.1500E-01       132     69     21     16   0.60    3.7550E-01    3.0150E+01
   330     25   1347.0000     20.7334      345.2740       21.9660    36.9890    25.1610    2.0268E+00    4.0672E-01    2.2500E-01       129     71     22      8   0.59    3.6531E-01    2.8118E+01
   319     24   1350.0000     21.3736      337.5390       34.5760    33.2010    24.5212    2.0899E+00    3.6545E-01    1.9500E-01       125     67     19      9   0.59    3.7173E-01    3.3992E+01
   307     24   1354.0000     17.6712      325.4460       28.2600    23.8550    24.2454    1.8560E+00    3.4034E-01    2.4000E-01       118     64     21     11   0.62    3.3430E-01    3.0075E+01
   300     23   1357.0000     14.7456      320.0420       29.5820    24.9150    24.3905    1.6559E+00    3.5252E-01    2.5500E-01       115     63     19      9   0.95    3.8566E-01    3.1598E+01
   296     22   1361.0000     16.0382      314.6580       32.8640    18.6590    21.6466    1.7538E+00    2.7224E-01    1.9500E-01       120     70     18     10   0.98    3.1851E-01    3.3766E+01
   296     22   1364.0000     17.3773      314.6520       43.0860     4.2210    14.1928    1.8501E+00    3.9669E-01    3.4500E-01       124     59     20     14   0.92    3.9669E-01    3.1454E+01
   297     21   1368.0000     21.6754      314.6410       30.6320     1.2040    13.4065    2.1400E+00    4.0465E-01    1.9500E-01       122     51     20      9   0.88    4.0465E-01    3.2328E+01
   297     21   1371.0000     29.3610      314.6370       19.1920     1.6700    19.5573    2.6198E+00    4.2770E-01    9.0000E-02       122     48     20      6   0.81    4.2770E-01    3.1647E+01
   296     21   1375.0000     27.5142      313.4270       18.4520     6.9930    19.1183    2.5100E+00    3.3580E-01    1.0500E-01       121     57     21      6   0.78    3.1663E-01    2.9570E+01
   295     21   1378.0000     24.8569      312.9560       24.1480    35.0610    22.2901    2.3487E+00    3.2277E-01    1.5000E-01       121     67     18      7   0.77    3.3030E-01    3.0934E+01
   292     21   1382.0000     20.1930      310.9940       19.3580    63.2180    21.8475    2.0516E+00    2.3110E-01    1.5000E-01       120     57     15      6   0.74    3.2748E-01    3.2903E+01
   283     21   1385.0000     14.9672      300.4000       13.3460    66.1600    24.1416    1.6886E+00    2.8779E-01    1.3500E-01       109     61     16      6   0.69    3.3683E-01    2.8502E+01
   253     20   1389.0000     16.9311      276.5670       26.2080    48.9750    23.4668    1.8913E+00    1.6222E-01    1.2000E-01       101     58     14      8   0.60    2.1298E-01    3.0252E+01
   237     16   1392.0000     15.8810      261.7720       28.8100    39.1420    22.7799    1.8410E+00    2.0035E-01    1.6500E-01        92     59     15      9   0.55    2.8484E-01    3.1809E+01
   225     16   1395.0000     14.8640      251.3630       33.5840    34.5540    22.3521    1.7854E+00    2.4930E-01    2.1000E-01        88     55     14     10   0.54    2.5996E-01    3.3627E+01
   217     16   1399.0000     10.7296      244.1050       32.5240    30.1390    22.3091    1.4497E+00    2.5225E-01    2.4000E-01        88     57     13     10   0.56    3.0486E-01    3.3913E+01
   207     16   1402.0000     11.5982      236.5900       17.7700    25.2730    21.2260    1.5483E+00    2.5412E-01    1.6500E-01        84     51     13      5   0.53    3.7938E-01    3.2491E+01
   206     16   1406.0000     12.5666      235.8430       20.0420    26.8470    21.3397    1.6357E+00    1.9028E-01    1.2000E-01        83     52     12      6   0.51    2.7481E-01    3.3961E+01
   201     15   1409.0000     15.6344      232.8970       28.9800    24.3380    21.5508    1.9082E+00    4.8615E-01    2.8500E-01        83     41     14      9   0.58    5.5591E-01    3.2108E+01
   197     16   1413.0000     19.2365      230.8260       29.1200    26.3370    21.9559    2.2072E+00    3.5229E-01    2.7000E-01        83     35     12      8   0.45    6.0413E-01    3.3823E+01
   192     16   1416.0000     20.8842      224.3740       46.4580    26.4880    20.5149    2.3403E+00    6.4476E-01    7.0500E-01        82     31     13     15   0.61    8.1036E-01    2.9898E+01
   192     14   1420.0000     20.9605      220.9960       25.4160    23.2620    21.5069    2.3342E+00    5.3877E-01    4.5000E-01        80     29     12      7   0.47    7.4150E-01    3.2343E+01
   187     14   1423.0000     21.8455      214.1170       40.4680    18.8440    21.1114    2.4066E+00    4.4568E-01    4.6500E-01        79     38     13     13   0.48    6.5046E-01    3.0752E+01
   182     10   1427.0000     24.0308      208.9330       23.5920    16.7260    19.7425    2.5792E+00    3.9105E-01    2.8500E-01        81     33     13      8   0.72    6.0941E-01    2.8881E+01
   180     11   1430.0000     27.3668      207.3900       23.6380    15.2820    20.1460    2.8216E+00    5.9734E-01    4.3500E-01        79     20     14      8   0.57    9.1795E-01    2.9925E+01
   180     11   1434.0000     29.1403      207.3750       27.3340    10.5300    20.9977    2.9422E+00    6.0202E-01    5.1000E-01        79     25     15      9   0.64    7.6010E-01    2.8164E+01
   180     11   1437.0000     25.0971      207.1840       49.6640     7.7100    19.8500    2.6625E+00    8.0569E-01    9.0000E-01        79     19     14     17   0.61    1.0184E+00    2.8442E+01
   180     11   1440.0000     23.3170      205.0560       31.0360     4.9640    18.1209    2.5263E+00    8.6874E-01    8.2500E-01        80     20     15     11   0.61    9.8255E-01    2.9448E+01
   180     11   1444.0000     25.9769      202.8420       27.8160    10.8250    19.1087    2.7052E+00    5.0222E-01    3.4500E-01        79     22     12      8   0.61    7.1586E-01    3.0653E+01
   180     11   1447.0000     34.7398      202.2800       23.0540    15.3250    21.0886    3.2806E+00    8.0831E-01    5.8500E-01        81     20     14      7   0.58    9.7346E-01    2.8897E+01
   179     11   1451.0000     39.8207      199.3760       21.0440    21.2040    20.5390    3.5861E+00    7.9979E-01    5.4000E-01        82     23     14      7   0.85    9.5462E-01    2.6683E+01
   178     11   1454.0000     44.1051      197.6500       22.7240    35.4710    19.2071    3.8387E+00    9.8438E-01    6.3000E-01        81     14     14      9   0.73    1.4160E+00    2.6411E+01
   174     11   1458.0000     45.6246      191.8670       15.2720    48.6060    20.6307    3.9331E+00    9.4136E-01    6.0000E-01        76     13     12      6   0.51    1.4669E+00    2.4705E+01
   169     11   1461.0000     48.8176      185.8850       22.0780    52.3040    20.4651    4.1321E+00    1.1197E+00    9.1500E-01        75     10     11      9   0.48    1.4272E+00    2.7499E+01
   159     11   1465.0000     48.6775      178.1170       23.7800    52.3170    19.6684    4.1937E+00    1.1329E+00    1.1100E+00        69      9     10      9   0.44    1.7007E+00    2.6626E+01
   147     10   1468.0000     45.1801      164.7360       20.0760    49.6730    19.6315    4.0449E+00    9.3918E-01    7.8000E-01        62      9      9      7   0.37    2.0079E+00    2.6317E+01
   138      9   1472.0000     41.9204      153.2070       31.2200    40.8030    19.1928    3.8769E+00    1.0612E+00    1.2300E+00        59      7      9     12   0.34    1.5996E+00    2.4176E+01
   128      9   1475.0000     43.9096      141.8510       12.3900    33.8750    18.7108    4.0463E+00    5.6560E-01    3.7500E-01        56     14      9      5   0.33    1.6193E+00    2.4656E+01
   123      8   1479.0000     33.4614      138.4520       27.4420    34.6720    18.0913    3.4156E+00    9.2455E-01    9.4500E-01        53     14     12     13   0.35    1.4218E+00    2.3930E+01
   115      8   1482.0000     39.2363      130.0300       27.1800    28.3640    17.1238    3.8451E+00    9.7104E-01    1.0200E+00        52     11      9     11   0.35    1.5838E+00    2.5775E+01
   112      8   1486.0000     43.1554      126.1550       15.9200    29.0600    17.2923    4.1090E+00    1.0701E+00    9.0000E-01        50      6      8      6   0.36    1.6987E+00    2.5791E+01
   108      8   1489.0000     34.9715      121.9580       14.3860    28.1880    17.7841    3.5950E+00    1.0984E+00    8.5500E-01        48      5      7      5   0.36    2.0621E+00    2.6950E+01
   105      8   1492.0000     48.5218      119.0790       28.2460    28.2910    17.4865    4.4982E+00    8.5028E-01    9.4500E-01        47     11      7     10   0.40    2.3232E+00    2.6670E+01
    99      7   1496.0000     32.5156      112.9670        9.7660    30.9510    17.1612    3.4830E+00    8.8935E-01    8.2500E-01        45      7      6      3   0.46    2.4138E+00    2.6724E+01
