 10033    467      0.0000     37.0420     6396.5460     1648.2780     0.0000     9.0321    1.1543E+00    4.8399E-01    5.4000E-01      5005   4185   1036   1342   3.01    1.2166E-01    8.7120E+00
 10008    482      3.0000     37.1034     6390.8700      866.0800     0.0000    28.4172    1.1569E+00    4.5567E-01    3.9000E-01      4730   3870    785    556   3.10    1.2153E-01    1.2248E+01
 10008    481      6.0000     39.2897     6319.8330     1252.5820     0.4280    56.0330    1.1975E+00    4.3713E-01    4.3500E-01      4436   3389    608    601   3.01    1.2983E-01    2.1037E+01
 10010    477     10.0000     43.7676     6248.3470     1111.5480     4.3210    76.2159    1.2818E+00    4.4195E-01    4.2000E-01      4460   3106    568    485   3.01    1.3602E-01    4.0687E+01
 10004    477     13.0000     48.0654     6087.1480      932.8580    25.6040    78.0601    1.3530E+00    4.4231E-01    3.9000E-01      4242   2644    507    361   3.07    1.5750E-01    5.1643E+01
  9995    471     17.0000     57.0030     5900.8000     1093.0360    16.2110    73.6222    1.5011E+00    5.5360E-01    5.2500E-01      4299   2157    627    562   2.76    1.6973E-01    1.6313E+01
  9990    466     20.0000     61.3320     5792.6620      955.6220    14.3420    75.6854    1.5669E+00    5.2646E-01    4.8000E-01      4335   2128    525    414   2.76    1.6342E-01    4.6704E+01
  9974    468     24.0000     69.0551     5671.0510     1245.5260    15.0070    76.1885    1.6855E+00    5.7173E-01    6.0000E-01      4291   1753    508    577   2.51    1.9417E-01    2.7543E+01
  9965    468     27.0000     67.1846     5642.2250     1254.6920    14.3190    74.7975    1.6530E+00    5.9030E-01    6.1500E-01      4236   1768    553    611   2.58    1.6872E-01    2.8833E+01
  9953    466     30.0000     77.1785     5543.0590      693.4880    19.6500    75.3523    1.8037E+00    6.3475E-01    4.9500E-01      4225   1564    571    311   2.43    1.6111E-01    2.6959E+01
  9947    463     34.0000     76.3711     5464.7920     1090.5180    23.0660    75.2848    1.7832E+00    6.2571E-01    6.3000E-01      4152   1507    554    556   2.82    2.0358E-01    3.4399E+01
  9942    461     37.0000     78.2146     5449.2350     1181.6160    23.3150    76.5173    1.8106E+00    6.4419E-01    6.6000E-01      4125   1443    558    588   2.30    1.7208E-01    2.1081E+01
  9930    460     41.0000     80.1827     5413.1240      975.8980    23.9410    75.5049    1.8381E+00    6.3604E-01    6.1500E-01      4088   1381    524    473   2.34    1.7989E-01    4.0786E+01
  9921    458     44.0000     81.4107     5407.5170     1036.4800    23.6490    76.2685    1.8572E+00    6.2353E-01    6.1500E-01      3994   1378    494    479   2.26    2.0691E-01    2.7471E+01
  9910    457     48.0000     82.5702     5370.7890     1128.1800    21.0170    74.2385    1.8717E+00    6.4005E-01    6.6000E-01      3986   1370    500    533   2.41    2.1563E-01    3.2410E+01
  9904    457     51.0000     84.7600     5338.7480      834.7180    18.9290    76.0298    1.9015E+00    6.3212E-01    5.7000E-01      3951   1318    463    357   2.40    1.7128E-01    2.6841E+01
  9896    456     54.0000     86.3496     5303.6150      907.0540    10.2670    74.0318    1.9219E+00    6.4733E-01    6.1500E-01      4003   1252    483    424   2.23    1.7688E-01    3.1479E+01
  9887    457     58.0000     90.0887     5267.2250      986.0960     9.7860    74.6711    1.9735E+00    6.2798E-01    6.0000E-01      3987   1200    455    407   2.18    2.2954E-01    5.4525E+01
  9883    456     61.0000     87.1704     5234.0210      854.9420    12.1150    75.5975    1.9271E+00    6.8141E-01    6.0000E-01      3869   1173    481    362   2.19    1.9881E-01    2.3103E+01
  9876    454     65.0000     92.7792     5210.8410      684.7820    12.1660    75.3332    2.0067E+00    6.3837E-01    4.9500E-01      3887   1177    451    256   2.16    1.7039E-01    7.0733E+01
  9871    454     68.0000     98.6401     5194.6470      819.0880    15.6480    74.3637    2.0888E+00    6.6237E-01    5.7000E-01      3873   1111    474    339   2.09    1.9220E-01    3.9600E+01
  9870    450     72.0000     98.2066     5176.4350      520.6100    15.6050    75.1416    2.0804E+00    6.2035E-01    4.0500E-01      3939   1148    429    170   2.14    1.5893E-01    5.6043E+01
  9864    452     75.0000     93.6370     5161.5900      898.3520    18.5210    72.6764    2.0141E+00    6.5441E-01    5.8500E-01      3815   1184    458    362   2.16    1.9818E-01    5.7923E+01
  9864    450     78.0000    102.3950     5151.8230      811.4000    17.9040    72.7353    2.1365E+00    6.6728E-01    5.8500E-01      3853   1064    443    320   2.12    2.1790E-01    2.1486E+01
  9865    449     82.0000    104.1916     5147.0810      790.3140    15.9880    75.3412    2.1606E+00    6.8205E-01    6.0000E-01      3813    993    425    317   2.07    1.9120E-01    3.6845E+01
  9860    449     85.0000    107.4306     5131.9970      428.5460    14.1920    69.8239    2.2037E+00    6.6619E-01    4.0500E-01      3872   1006    438    139   2.06    1.8904E-01    4.9721E+01
  9858    449     89.0000    116.2845     5126.8490      749.0280    14.4210    74.3293    2.3226E+00    7.2918E-01    6.3000E-01      3950    881    438    311   2.00    2.0035E-01    2.4173E+01
  9853    449     92.0000    111.4218     5109.4760      961.1480    20.3730    74.7339    2.2555E+00    6.9938E-01    6.7500E-01      3922    935    427    394   2.01    2.2183E-01    3.1533E+01
  9852    449     96.0000    118.5374     5096.2300      771.1740    29.1890    74.5631    2.3487E+00    7.2399E-01    6.3000E-01      3984    914    441    315   1.99    2.3615E-01    2.7719E+01
  9844    448     99.0000    111.5359     5084.8940      716.3560    38.6530    74.5110    2.2547E+00    7.0967E-01    5.8500E-01      3846    967    459    309   2.02    2.0749E-01    3.7661E+01
  9837    448    102.0000    117.3107     5053.5560     1035.4460    48.4950    74.7463    2.3280E+00    7.1087E-01    7.2000E-01      3885    895    429    443   1.98    2.1893E-01    3.5649E+01
  9826    445    106.0000    120.5372     5037.0720      823.5200    57.5640    73.3786    2.3695E+00    7.2809E-01    6.4500E-01      3967    899    474    367   1.98    2.1889E-01    2.3751E+01
  9812    446    109.0000    120.1457     5006.7610      766.7560    84.0900    74.5296    2.3616E+00    6.8847E-01    5.8500E-01      3857    871    388    288   1.96    2.2173E-01    4.4985E+01
  9791    446    113.0000    119.6038     4991.8240      808.2000    88.1430    74.4021    2.3551E+00    6.8747E-01    6.0000E-01      3818    857    379    286   1.95    2.0963E-01    4.4923E+01
  9769    444    116.0000    118.8736     4971.3380      737.4580    90.2130    73.6986    2.3453E+00    7.3551E-01    6.0000E-01      3757    817    410    255   1.93    2.0526E-01    4.1255E+01
  9741    442    120.0000    120.6890     4956.1450      695.5900    79.4530    74.1996    2.3707E+00    6.8501E-01    5.7000E-01      3751    872    385    255   1.94    2.0495E-01    2.4382E+01
  9706    443    123.0000    120.6292     4942.2950      445.0100    71.3480    73.6659    2.3727E+00    7.1839E-01    4.6500E-01      3727    878    426    159   1.93    1.9467E-01    5.1605E+01
  9675    442    126.0000    117.2693     4921.5740      825.2220    65.2740    73.8946    2.3296E+00    6.7851E-01    6.0000E-01      3729    844    365    287   1.94    2.0666E-01    3.0861E+01
  9650    441    130.0000    123.9876     4879.2740      779.5320    42.0070    73.9343    2.4144E+00    6.9051E-01    6.1500E-01      3697    833    374    281   1.91    2.3030E-01    5.0574E+01
  9621    439    133.0000    123.0660     4866.7860      678.1280    35.4320    73.9263    2.4046E+00    7.0996E-01    5.7000E-01      3714    794    392    246   1.90    2.1785E-01    4.3764E+01
  9605    438    137.0000    123.0077     4852.1130      703.8660    35.8230    72.4963    2.4038E+00    6.6953E-01    5.4000E-01      3643    855    377    243   1.92    1.8640E-01    3.7086E+01
  9583    438    140.0000    126.1524     4836.5820      547.2100    32.7810    73.6226    2.4453E+00    6.7110E-01    4.8000E-01      3685    895    396    196   1.93    2.1655E-01    3.0691E+01
  9566    438    144.0000    126.1352     4823.6700      727.5260    33.5570    73.4736    2.4454E+00    6.5205E-01    5.7000E-01      3697    772    363    259   1.95    2.2488E-01    2.5058E+01
  9546    437    147.0000    132.1547     4791.6190      673.8240    30.7010    73.0409    2.5201E+00    6.5859E-01    5.5500E-01      3725    863    391    267   1.94    1.9069E-01    3.9934E+01
  9538    434    150.0000    128.0331     4785.1020      535.5740    36.2870    73.2653    2.4675E+00    6.6439E-01    4.5000E-01      3691    809    362    164   1.98    1.8503E-01    4.1806E+01
  9533    435    154.0000    123.5911     4770.5880      581.6940    36.8130    72.3774    2.4084E+00    6.7444E-01    4.9500E-01      3648    829    395    209   2.04    1.9859E-01    2.7000E+01
  9533    435    157.0000    136.0424     4760.5730      643.5260    32.7820    67.1006    2.5658E+00    7.0077E-01    5.5500E-01      3623    756    382    231   1.93    2.0938E-01    2.8394E+01
  9534    434    161.0000    141.0601     4744.0140      551.2280    23.2990    69.0920    2.6253E+00    6.7540E-01    4.8000E-01      3749    753    375    174   1.90    1.8582E-01    3.9104E+01
  9533    432    164.0000    143.2479     4738.5530      348.9820    16.0760    71.0763    2.6515E+00    7.0317E-01    3.7500E-01      3634    749    375    102   1.87    1.8765E-01    4.6239E+01
  9534    433    168.0000    140.4255     4737.2360      518.3360    18.3220    68.7741    2.6161E+00    6.8980E-01    4.8000E-01      3631    750    376    178   1.87    2.0243E-01    3.1486E+01
  9535    432    171.0000    144.9188     4733.9450      445.6740    42.2740    71.6374    2.6709E+00    6.7409E-01    4.2000E-01      3672    769    359    138   1.87    1.9083E-01    3.1807E+01
  9528    431    174.0000    140.4526     4724.3050      688.6100    63.7190    72.7825    2.6151E+00    7.0824E-01    6.0000E-01      3604    729    373    255   1.87    2.3962E-01    4.3392E+01
  9512    432    178.0000    141.4262     4714.8680      577.2920    82.8410    73.0208    2.6280E+00    6.8479E-01    5.2500E-01      3604    738    349    207   1.88    2.1153E-01    3.0814E+01
  9478    429    181.0000    145.4739     4684.8890      659.2480   114.4770    72.9772    2.6778E+00    7.2778E-01    6.1500E-01      3573    737    378    257   1.84    2.3501E-01    2.7623E+01
  9442    426    185.0000    140.9041     4666.0800      545.4080   128.2410    72.4501    2.6237E+00    6.9306E-01    5.2500E-01      3534    744    362    194   1.85    1.7328E-01    2.0340E+01
  9393    424    188.0000    138.9975     4644.8250      597.2140   122.3120    72.6490    2.6040E+00    7.1340E-01    5.7000E-01      3520    692    351    209   1.83    2.3305E-01    3.7237E+01
  9299    420    192.0000    136.3831     4612.5180      583.5580    97.8060    72.2920    2.5804E+00    7.0466E-01    5.5500E-01      3392    730    350    206   1.78    2.3453E-01    2.9720E+01
  9227    416    195.0000    147.0339     4579.7670      427.7940    77.2810    72.4347    2.7190E+00    7.0733E-01    4.5000E-01      3434    686    337    124   1.75    1.9783E-01    5.0451E+01
  9190    416    198.0000    143.2932     4563.3510      497.9240    65.5700    72.1274    2.6758E+00    6.8509E-01    4.9500E-01      3452    726    343    174   1.77    1.8289E-01    3.4910E+01
  9157    415    202.0000    143.4172     4542.7300      476.8620    54.4710    71.7841    2.6789E+00    7.0177E-01    4.8000E-01      3435    701    344    148   1.77    1.9767E-01    3.0223E+01
  9131    415    205.0000    143.0534     4524.4900      562.9340    51.2240    71.9536    2.6752E+00    6.8402E-01    4.9500E-01      3375    689    328    178   1.76    2.0170E-01    3.8024E+01
  9098    411    209.0000    147.0886     4504.7310      268.3960    46.6910    72.0575    2.7271E+00    7.0686E-01    4.0500E-01      3397    649    341     89   1.78    2.4733E-01    3.9354E+01
  9063    409    212.0000    143.9576     4483.8430      433.4600    45.6700    71.5966    2.6902E+00    6.8660E-01    4.8000E-01      3462    711    349    157   1.85    2.0970E-01    4.5837E+01
  9034    410    216.0000    142.0679     4466.6200      448.4300    38.9470    71.8545    2.6682E+00    6.6325E-01    4.6500E-01      3361    711    317    137   1.86    2.0278E-01    4.6313E+01
  9022    405    219.0000    143.2729     4461.2090      517.0900    45.9840    71.4295    2.6842E+00    7.1757E-01    5.1000E-01      3365    662    357    178   1.91    2.2157E-01    3.5318E+01
  9011    404    223.0000    144.7940     4438.8430      274.8100    45.5970    71.4763    2.7006E+00    7.0595E-01    3.4500E-01      3438    683    349     80   1.99    1.6829E-01    4.0956E+01
  9011    404    226.0000    160.9246     4430.3040      248.1260    41.6810    68.4562    2.8958E+00    6.9703E-01    3.1500E-01      3422    640    330     62   1.87    1.6995E-01    4.1141E+01
  9011    403    229.0000    173.0946     4424.3720      481.5200    38.8150    63.8211    3.0386E+00    6.9948E-01    4.9500E-01      3460    612    321    157   1.76    2.4623E-01    2.6072E+01
  9012    401    233.0000    166.1097     4421.5380      459.2980    42.0230    65.3115    2.9555E+00    6.8797E-01    4.3500E-01      3390    621    336    139   1.76    2.1264E-01    4.4003E+01
  9012    401    236.0000    163.4201     4421.0940      579.3820    55.2170    68.6023    2.9234E+00    6.8076E-01    5.4000E-01      3405    638    338    202   1.77    2.0253E-01    3.1811E+01
  9007    400    240.0000    167.7503     4405.0720      518.9940    76.5680    67.4689    2.9722E+00    7.1563E-01    5.1000E-01      3391    607    322    163   1.75    2.0728E-01    3.6798E+01
  9000    400    243.0000    166.6322     4391.9100      411.6320   118.7150    70.0034    2.9574E+00    7.2069E-01    4.6500E-01      3365    640    342    136   1.77    2.0888E-01    3.0831E+01
  8965    399    247.0000    166.8022     4372.8530      460.8540   139.9260    71.2498    2.9618E+00    7.4478E-01    4.9500E-01      3337    604    339    152   1.78    2.4028E-01    3.9255E+01
  8901    396    250.0000    163.1356     4341.3970      408.6000   165.8470    71.0559    2.9235E+00    7.2472E-01    4.6500E-01      3267    602    325    128   1.76    2.1940E-01    3.3483E+01
  8819    392    253.0000    165.0190     4309.3390      395.8500   172.0670    71.0406    2.9546E+00    7.0037E-01    4.2000E-01      3251    583    310    113   1.73    2.0481E-01    4.3558E+01
  8729    389    257.0000    155.5990     4272.3560      465.7160   174.3070    70.8404    2.8500E+00    6.9731E-01    4.6500E-01      3183    588    303    129   1.74    2.0584E-01    4.5185E+01
  8646    388    260.0000    158.2746     4243.5590      403.3820   174.8700    70.6520    2.8922E+00    6.7127E-01    4.2000E-01      3160    596    308    122   1.72    2.0457E-01    4.4184E+01
  8537    385    264.0000    155.8368     4190.0870      277.7000   163.9310    70.2968    2.8716E+00    6.8599E-01    3.0000E-01      3080    541    284     75   1.68    1.6779E-01    4.8542E+01
  8436    379    267.0000    163.1216     4149.5530      246.5780   139.9200    70.1711    2.9714E+00    6.4748E-01    2.7000E-01      3129    597    282     57   1.65    1.6915E-01    4.7087E+01
  8337    374    271.0000    156.6646     4110.5320      396.5260   108.8420    69.9354    2.9033E+00    6.7419E-01    4.2000E-01      3050    559    286    114   1.63    2.2230E-01    5.4682E+01
  8260    370    274.0000    158.2532     4080.9530      284.2560    90.6130    69.6696    2.9317E+00    6.6748E-01    3.1500E-01      3047    539    282     66   1.62    1.7808E-01    4.7521E+01
  8210    368    277.0000    158.0195     4053.1980      206.8640    69.1310    69.4587    2.9326E+00    6.6511E-01    2.7000E-01      3077    534    288     56   1.64    1.5227E-01    4.7453E+01
  8183    368    281.0000    154.7080     4043.9290      132.0220    61.3900    69.2377    2.8948E+00    7.0398E-01    2.1000E-01      3024    572    299     33   1.65    1.6260E-01    4.8491E+01
  8136    366    284.0000    159.4431     4029.7500      306.3060    54.5090    69.2636    2.9601E+00    6.6881E-01    3.1500E-01      3063    508    260     74   1.63    1.7815E-01    4.4522E+01
  8119    363    288.0000    160.0819     4018.6400      281.5920    49.0840    69.2177    2.9689E+00    7.0477E-01    3.3000E-01      3043    543    284     72   1.67    1.6974E-01    4.3826E+01
  8100    363    291.0000    162.7898     4006.8700      385.9340    59.7000    69.3212    3.0035E+00    7.0391E-01    4.0500E-01      3047    526    285    105   1.65    2.0093E-01    4.0865E+01
  8083    359    295.0000    166.0292     3990.9220      299.2880    58.1920    68.8853    3.0429E+00    7.3007E-01    3.3000E-01      3044    525    297     81   1.65    1.8090E-01    4.4291E+01
  8072    359    298.0000    168.1136     3982.8190      271.7580    68.2460    69.0910    3.0686E+00    7.5336E-01    3.4500E-01      3013    474    295     70   1.64    1.9410E-01    4.2881E+01
  8059    359    301.0000    161.0679     3974.3250      184.1640    66.6260    68.9717    2.9830E+00    7.6184E-01    3.0000E-01      3002    509    307     43   1.67    1.7792E-01    4.5239E+01
  8048    359    305.0000    159.1425     3966.8810      277.4340    69.4590    68.6071    2.9597E+00    7.4188E-01    3.6000E-01      2976    503    300     87   1.72    1.8464E-01    3.1117E+01
  8033    358    308.0000    164.4919     3956.6210      203.8660    72.6080    67.1779    3.0263E+00    7.4678E-01    3.1500E-01      2998    490    299     57   1.71    1.5999E-01    4.3159E+01
  8026    358    312.0000    172.5096     3954.4770      189.8400    82.3710    68.6687    3.1249E+00    7.2644E-01    2.4000E-01      2963    510    290     48   1.67    1.6669E-01    4.0495E+01
  8012    357    315.0000    172.2034     3949.1220      326.2360    96.6680    68.9438    3.1230E+00    7.3956E-01    4.0500E-01      2951    506    301    106   1.65    2.1098E-01    3.5696E+01
  7972    355    319.0000    175.7687     3926.8200      318.4240   107.4580    68.6314    3.1692E+00    7.6016E-01    4.3500E-01      2943    497    302    103   1.62    2.0787E-01    2.7505E+01
  7924    354    322.0000    171.3836     3908.9580      395.9580   110.3090    68.6797    3.1225E+00    7.4024E-01    4.8000E-01      2903    492    283    122   1.61    2.2489E-01    3.9263E+01
  7845    353    325.0000    171.2204     3882.3870      164.0000   105.3050    68.6011    3.1317E+00    7.2441E-01    2.8500E-01      2924    473    271     41   1.58    2.0224E-01    5.2141E+01
  7781    349    329.0000    168.5046     3856.4950      381.8540   105.2400    68.4213    3.1064E+00    7.5490E-01    4.6500E-01      2901    481    288    116   1.58    2.3082E-01    3.3506E+01
  7729    347    332.0000    165.8899     3832.8210      337.3480    99.6690    68.3133    3.0800E+00    7.6515E-01    4.3500E-01      2828    422    282    105   1.54    2.2905E-01    3.9039E+01
  7685    347    336.0000    167.6489     3813.3430      369.4760    94.7930    67.9997    3.1068E+00    7.3978E-01    4.5000E-01      2841    460    284    120   1.55    2.3882E-01    3.5896E+01
  7649    346    339.0000    163.9702     3796.8580      341.9980    93.9810    67.7789    3.0651E+00    7.6656E-01    4.6500E-01      2845    489    292    121   1.58    2.1078E-01    2.4188E+01
  7614    344    343.0000    170.1201     3777.8050      403.7440    84.0250    67.9186    3.1444E+00    7.9762E-01    5.5500E-01      2828    456    291    142   1.54    2.5730E-01    3.7694E+01
  7574    344    346.0000    169.9989     3755.9660      450.6740    74.1350    67.6503    3.1465E+00    7.8139E-01    5.5500E-01      2776    463    287    155   1.51    2.6058E-01    1.7171E+01
  7529    343    349.0000    166.3437     3736.2040      318.4180    61.6120    67.5568    3.1066E+00    8.5581E-01    4.5000E-01      2761    433    316     98   1.51    2.2154E-01    3.2688E+01
  7491    340    353.0000    166.5902     3718.5810      352.2960    56.7450    67.3792    3.1139E+00    8.3416E-01    5.2500E-01      2776    432    311    133   1.51    2.2120E-01    2.9530E+01
  7466    339    356.0000    170.6445     3704.7620      393.3980    52.2930    67.4046    3.1665E+00    8.1097E-01    5.4000E-01      2761    443    276    126   1.51    2.5785E-01    3.4025E+01
  7426    336    360.0000    169.6573     3685.3240      409.7940    42.9490    67.1854    3.1586E+00    7.5132E-01    5.1000E-01      2754    466    277    126   1.53    2.3803E-01    2.9019E+01
  7404    334    363.0000    166.2002     3677.0170      457.7860    40.8480    67.2440    3.1186E+00    7.2834E-01    5.5500E-01      2744    460    281    161   1.57    2.6466E-01    2.7073E+01
  7385    335    367.0000    153.7923     3669.4310      235.1960    37.4530    66.7068    2.9638E+00    7.6652E-01    3.9000E-01      2756    476    289     73   1.68    2.1325E-01    3.5384E+01
  7385    335    370.0000    153.0595     3667.0920      217.4640    32.5140    66.3095    2.9538E+00    7.6504E-01    4.0500E-01      2741    484    319     77   1.73    2.2343E-01    2.4294E+01
  7382    335    373.0000    180.0070     3660.1050      340.5800    26.4910    65.1504    3.2897E+00    8.0962E-01    5.2500E-01      2770    457    295    115   1.59    2.5443E-01    3.2563E+01
  7382    335    377.0000    193.6495     3653.5540      341.4340    22.7710    62.2599    3.4518E+00    8.2869E-01    4.8000E-01      2761    420    302    113   1.48    2.3135E-01    3.2163E+01
  7383    334    380.0000    184.2896     3653.5140      230.2060    24.3250    58.9763    3.3394E+00    8.1181E-01    4.2000E-01      2713    408    290     68   1.47    2.4867E-01    4.6617E+01
  7383    334    384.0000    182.3350     3648.7710      427.1280    23.3490    56.4508    3.3143E+00    7.8080E-01    5.8500E-01      2764    434    279    154   1.48    2.3156E-01    2.9222E+01
  7383    333    387.0000    186.4634     3642.5510      244.8680    39.8100    57.8032    3.3622E+00    7.9320E-01    4.2000E-01      2769    422    289     71   1.48    2.1973E-01    4.5962E+01
  7383    333    391.0000    178.5864     3640.4750      250.8480    78.5400    62.9022    3.2662E+00    7.7709E-01    4.3500E-01      2740    439    278     78   1.50    2.4990E-01    3.7257E+01
  7382    333    394.0000    176.8471     3638.0960      222.5380   116.8770    65.9150    3.2446E+00    8.3206E-01    4.0500E-01      2695    415    283     66   1.49    2.2186E-01    3.9774E+01
  7372    332    397.0000    169.6960     3635.2730      402.6900   148.0060    66.1060    3.1582E+00    8.0214E-01    5.7000E-01      2669    430    284    135   1.50    2.5876E-01    3.4617E+01
  7356    331    401.0000    177.8368     3625.0010      162.8680   178.2250    66.9256    3.2594E+00    8.5912E-01    3.3000E-01      2651    406    295     46   1.49    2.1959E-01    3.1507E+01
  7312    328    404.0000    169.5397     3603.6060      221.5440   192.8270    66.8765    3.1621E+00    8.4327E-01    4.0500E-01      2525    393    289     74   1.48    2.1098E-01    4.0380E+01
  7230    319    408.0000    164.0525     3573.1560      240.3980   193.0540    66.7278    3.1051E+00    7.8546E-01    4.3500E-01      2539    410    267     78   1.50    1.9383E-01    3.7645E+01
  7128    315    411.0000    168.8619     3523.9150      345.3820   163.5150    66.4420    3.1771E+00    7.9042E-01    5.5500E-01      2492    407    266    132   1.47    2.4488E-01    2.3478E+01
  7038    312    415.0000    161.1951     3489.5750      382.4020   140.9530    65.9624    3.0929E+00    7.5049E-01    5.8500E-01      2491    433    249    136   1.49    2.2990E-01    3.0266E+01
  6961    310    418.0000    161.7659     3458.9030      184.2560   117.0490    66.0170    3.1110E+00    8.0614E-01    3.9000E-01      2499    406    271     67   1.51    2.0477E-01    3.2354E+01
  6887    305    422.0000    157.2922     3427.8090      448.5880    95.6210    65.7521    3.0632E+00    8.3143E-01    6.6000E-01      2462    377    276    175   1.50    3.0781E-01    3.4655E+01
  6827    303    425.0000    160.9128     3397.0950      345.8520    74.3330    65.0993    3.1166E+00    8.0408E-01    5.5500E-01      2432    405    272    135   1.50    2.6520E-01    3.3871E+01
  6778    302    428.0000    165.6209     3376.3380      340.4260    62.9600    65.4244    3.1839E+00    8.1934E-01    5.5500E-01      2425    392    268    121   1.49    2.3930E-01    2.9190E+01
  6729    298    432.0000    149.6878     3356.1650      183.7800    50.7890    65.2029    2.9829E+00    7.8638E-01    3.6000E-01      2419    433    277     60   1.55    2.1803E-01    3.9533E+01
  6710    298    435.0000    145.2766     3349.4980      315.0340    47.3040    64.9963    2.9269E+00    7.8697E-01    5.1000E-01      2406    448    279    122   1.75    2.1268E-01    2.8579E+01
  6701    296    439.0000    153.0496     3344.2710      394.4080    47.9490    64.7563    3.0312E+00    7.9949E-01    5.7000E-01      2419    415    265    136   1.81    2.5729E-01    2.3883E+01
  6691    296    442.0000    178.0516     3340.8980      388.0680    47.7610    64.6207    3.3547E+00    8.3072E-01    6.4500E-01      2400    381    259    145   1.70    3.0731E-01    3.1331E+01
  6679    295    446.0000    183.1691     3335.6790      396.0520    55.1860    65.0003    3.4205E+00    7.7525E-01    6.0000E-01      2365    378    237    136   1.63    2.7509E-01    2.9152E+01
  6655    294    449.0000    180.8918     3326.9170      429.7520    82.7660    64.5012    3.3962E+00    8.2392E-01    6.1500E-01      2342    378    270    156   1.57    2.7424E-01    2.9334E+01
  6634    293    452.0000    170.0915     3316.2750      260.2860   126.2860    64.9742    3.2622E+00    7.5834E-01    4.5000E-01      2322    398    250     80   1.58    2.1633E-01    3.2313E+01
  6594    292    456.0000    158.6137     3305.4200      144.7040   192.7740    64.5129    3.1213E+00    7.3990E-01    3.3000E-01      2230    398    238     40   1.60    1.7968E-01    3.8401E+01
  6508    290    459.0000    158.6170     3269.6500      216.4940   227.8030    64.8264    3.1339E+00    7.5905E-01    3.9000E-01      2220    381    233     67   1.58    2.0823E-01    3.3469E+01
  6383    288    463.0000    152.3922     3224.0720      179.5200   231.4930    64.4530    3.0715E+00    7.4401E-01    3.4500E-01      2150    387    226     54   1.54    2.1100E-01    4.3111E+01
  6252    278    466.0000    153.4659     3163.9900      240.0580   216.7770    64.1302    3.1039E+00    7.0845E-01    4.0500E-01      2119    376    213     68   1.46    2.3330E-01    3.5049E+01
  6113    274    470.0000    147.2461     3108.4020      217.3360   196.1130    63.7459    3.0411E+00    7.6137E-01    4.5000E-01      2047    391    230     73   1.41    2.4279E-01    3.4364E+01
  6008    265    473.0000    136.6276     3066.0780      237.1500   183.6400    63.4139    2.9091E+00    6.9105E-01    4.3500E-01      1998    405    222     78   1.41    2.1660E-01    4.1946E+01
  5906    259    476.0000    144.9841     3032.7810      236.5880   175.6530    63.1596    3.0457E+00    7.0801E-01    4.3500E-01      2030    399    217     86   1.38    2.2917E-01    3.9726E+01
  5813    254    480.0000    144.1016     2991.0960      287.4860   148.2480    62.8527    3.0473E+00    7.2951E-01    4.8000E-01      1946    391    215     95   1.34    2.5084E-01    2.5993E+01
  5744    252    483.0000    129.8535     2966.0860      179.6440   139.4740    62.5303    2.8547E+00    6.7749E-01    3.4500E-01      1921    370    201     53   1.36    2.2287E-01    3.0970E+01
  5693    250    487.0000    137.5751     2947.1140      167.0800   128.9810    62.5707    2.9758E+00    6.9741E-01    3.0000E-01      1931    367    203     48   1.35    2.0774E-01    3.8366E+01
  5646    248    490.0000    139.5277     2922.0260      183.5380   112.2420    62.1559    3.0098E+00    6.6047E-01    3.0000E-01      1961    393    207     57   1.35    1.9019E-01    3.4804E+01
  5611    246    494.0000    134.5785     2905.0270      191.8200   101.2830    62.1965    2.9431E+00    6.6650E-01    3.6000E-01      1889    375    205     58   1.36    2.2287E-01    3.4201E+01
  5563    241    497.0000    130.7531     2884.6790      248.8800    91.0840    62.0899    2.8947E+00    7.0654E-01    3.6000E-01      1875    359    202     72   1.37    2.1671E-01    3.6080E+01
  5520    239    500.0000    137.9707     2863.7650      101.5380    78.1230    61.9504    3.0065E+00    7.1865E-01    2.4000E-01      1907    334    196     27   1.36    1.9895E-01    3.8536E+01
  5477    239    504.0000    137.8504     2844.2470      293.2320    68.6020    61.6868    3.0116E+00    6.7946E-01    4.3500E-01      1920    361    195     86   1.37    2.2557E-01    3.8819E+01
  5443    239    507.0000    133.8262     2828.7100      262.8020    61.7010    61.7073    2.9579E+00    6.9640E-01    4.0500E-01      1887    380    208     76   1.38    2.4915E-01    3.8519E+01
  5414    239    511.0000    139.3303     2808.9050      113.7700    49.4980    61.4956    3.0408E+00    7.3334E-01    2.5500E-01      1872    343    214     30   1.36    1.9983E-01    4.3257E+01
  5396    238    514.0000    142.8541     2800.0470       99.9720    44.5300    61.3434    3.0946E+00    7.3775E-01    1.8000E-01      1864    336    198     21   1.36    1.7278E-01    4.8276E+01
  5363    235    518.0000    135.7375     2784.6030      240.2600    41.0230    61.2760    2.9960E+00    6.7624E-01    4.0500E-01      1865    359    202     71   1.41    2.2833E-01    3.2832E+01
  5345    235    521.0000    134.3474     2779.8510      190.0060    43.3220    61.3435    2.9797E+00    6.5917E-01    3.1500E-01      1906    394    198     58   1.48    2.0299E-01    4.0419E+01
  5327    235    524.0000    136.4036     2774.2100      170.4500    49.4170    61.1150    3.0138E+00    7.0954E-01    3.1500E-01      1839    374    208     51   1.50    1.8028E-01    2.9130E+01
  5314    235    528.0000    138.1814     2769.1040      147.8380    55.4700    60.7602    3.0424E+00    6.7912E-01    3.6000E-01      1856    337    194     49   1.52    2.4341E-01    2.6663E+01
  5306    235    531.0000    131.1747     2765.1820      197.2960    63.3980    61.2514    2.9398E+00    6.6892E-01    3.3000E-01      1829    355    192     49   1.51    2.3442E-01    3.8096E+01
  5303    235    535.0000    132.6296     2764.0260       67.5020    59.5940    60.3313    2.9621E+00    6.8395E-01    1.8000E-01      1817    357    198     15   1.51    2.2393E-01    4.2485E+01
  5302    235    538.0000    146.1662     2763.5690      226.1620    61.8360    60.9151    3.1605E+00    6.7312E-01    3.4500E-01      1846    355    197     63   1.47    2.1147E-01    3.7495E+01
  5301    234    542.0000    139.3231     2762.1900      187.0600    68.8270    60.9239    3.0609E+00    6.7918E-01    3.4500E-01      1793    340    199     49   1.46    2.3500E-01    4.3713E+01
  5298    231    545.0000    144.5498     2760.3390       77.5940    88.3240    61.1874    3.1373E+00    6.8705E-01    2.7000E-01      1798    345    200     23   1.46    2.2993E-01    3.4927E+01
  5287    231    548.0000    141.1443     2754.8340      149.1120   117.9220    60.7267    3.0895E+00    7.2654E-01    3.1500E-01      1793    335    209     45   1.47    1.9973E-01    3.1004E+01
  5261    230    552.0000    135.1989     2746.8830      214.9600   141.7820    61.0700    3.0079E+00    7.3542E-01    3.9000E-01      1760    334    190     63   1.51    2.3906E-01    4.1346E+01
  5187    228    555.0000    133.8234     2722.5670      183.9120   151.7960    60.7103    3.0031E+00    6.8688E-01    3.3000E-01      1735    334    188     50   1.49    2.1647E-01    4.0440E+01
  5090    227    559.0000    133.1886     2685.9060      139.3820   150.5720    60.7402    3.0129E+00    6.7184E-01    2.8500E-01      1697    353    182     36   1.44    2.0457E-01    4.4881E+01
  4993    225    562.0000    133.7878     2651.0590      217.6360   148.8030    60.3955    3.0425E+00    7.1213E-01    4.2000E-01      1686    328    182     71   1.38    2.7403E-01    3.3228E+01
  4888    222    566.0000    127.2812     2617.4350      207.6900   140.5110    60.1231    2.9668E+00    6.8250E-01    3.9000E-01      1632    318    175     67   1.35    2.4469E-01    3.2889E+01
  4801    219    569.0000    122.8750     2586.4820      304.2300   130.2210    59.7935    2.9166E+00    6.4580E-01    5.2500E-01      1608    343    170     98   1.36    2.6948E-01    4.0419E+01
  4702    215    572.0000    120.4692     2554.9300      221.2320   113.4140    59.6900    2.9014E+00    6.9257E-01    3.6000E-01      1572    305    173     63   1.32    2.4603E-01    3.2851E+01
  4609    210    576.0000    118.3922     2523.3800      221.7340    90.5440    59.3074    2.8893E+00    7.5317E-01    4.0500E-01      1567    299    180     64   1.30    2.3222E-01    3.4671E+01
  4541    208    579.0000    118.4098     2498.8020      244.3560    75.1620    59.1837    2.9050E+00    7.1854E-01    4.6500E-01      1556    327    181     81   1.30    2.5467E-01    2.7334E+01
  4484    207    583.0000    123.2577     2477.2540      124.4920    65.0630    58.9275    2.9970E+00    7.2164E-01    3.1500E-01      1552    306    179     34   1.31    2.4826E-01    4.0785E+01
  4436    205    586.0000    119.7944     2454.8750      208.4980    55.5800    58.6025    2.9500E+00    7.2385E-01    4.8000E-01      1552    281    172     66   1.29    2.6245E-01    4.0447E+01
  4395    205    590.0000    116.1971     2441.0070      232.8960    48.9610    58.5861    2.9007E+00    7.6591E-01    4.8000E-01      1548    290    180     78   1.32    2.5225E-01    2.9888E+01
  4358    203    593.0000    115.4169     2427.1740      245.1260    41.7170    58.4248    2.8963E+00    7.3631E-01    4.5000E-01      1526    326    185     79   1.35    2.6793E-01    3.5225E+01
  4346    202    596.0000    106.4209     2412.2370      227.1900    37.0810    58.1284    2.7425E+00    7.2912E-01    4.8000E-01      1498    332    183     74   1.43    2.4745E-01    3.0527E+01
  4344    202    600.0000    107.9193     2411.7300       99.9120    35.5840    56.7269    2.7687E+00    7.8022E-01    3.1500E-01      1551    293    187     34   1.48    2.2141E-01    2.9961E+01
  4344    202    603.0000    121.4663     2410.0090      392.1140    36.5620    56.1134    2.9951E+00    8.2170E-01    7.0500E-01      1517    282    193    147   1.42    2.9528E-01    3.2451E+01
  4344    202    607.0000    124.5222     2409.9940      235.9060    37.3640    57.3564    3.0452E+00    7.9328E-01    4.6500E-01      1478    277    183     70   1.35    2.5372E-01    3.3594E+01
  4343    202    610.0000    131.3841     2409.7660      286.4440    44.3890    55.8657    3.1564E+00    8.0032E-01    5.7000E-01      1504    284    182    101   1.32    2.9682E-01    3.3964E+01
  4341    202    614.0000    134.2144     2407.6570      172.4460    60.7350    58.4718    3.2014E+00    7.5116E-01    4.5000E-01      1508    292    181     58   1.31    2.5248E-01    3.4993E+01
  4333    202    617.0000    117.0924     2403.3980      271.9060    90.7430    57.9642    2.9244E+00    7.0949E-01    5.4000E-01      1469    292    169     92   1.34    2.8090E-01    2.9649E+01
  4313    201    621.0000    116.4867     2391.6540      130.2820   112.6010    57.9200    2.9173E+00    7.3388E-01    3.9000E-01      1452    271    166     45   1.34    2.7739E-01    3.4503E+01
  4279    199    624.0000    118.0811     2378.8360      269.8720   127.0930    58.2618    2.9521E+00    6.9810E-01    5.1000E-01      1448    306    160     86   1.34    2.8827E-01    3.4440E+01
  4228    199    627.0000    120.2685     2363.7160      161.0040   137.1860    57.9782    3.0028E+00    7.0861E-01    3.9000E-01      1412    295    158     53   1.31    2.7068E-01    2.9720E+01
  4169    198    631.0000    117.3007     2336.0520      197.7560   127.0340    57.7460    2.9656E+00    6.2588E-01    3.4500E-01      1411    328    161     59   1.30    2.1737E-01    3.3072E+01
  4105    195    634.0000    115.9630     2309.0780      200.7060   119.8600    57.6542    2.9579E+00    6.8362E-01    4.3500E-01      1376    279    158     67   1.26    2.5922E-01    3.7915E+01
  4049    191    638.0000    109.3659     2286.9030      119.6260   112.8240    57.5179    2.8580E+00    6.8898E-01    3.0000E-01      1353    306    159     34   1.27    2.3000E-01    3.9437E+01
  3990    191    641.0000    117.3832     2264.6170      161.3500    98.3330    57.3535    3.0116E+00    6.6835E-01    3.7500E-01      1359    287    150     54   1.25    2.4334E-01    2.2879E+01
  3937    189    645.0000    109.6037     2246.4830      124.8780    89.4190    56.4442    2.8916E+00    6.3936E-01    3.1500E-01      1318    294    148     37   1.25    2.2779E-01    3.3918E+01
  3879    187    648.0000    111.0248     2224.7220      207.6180    74.3060    56.6232    2.9320E+00    6.7106E-01    4.0500E-01      1326    259    145     63   1.23    2.4073E-01    3.5438E+01
  3841    186    651.0000    109.4147     2209.6380      250.3080    70.2180    56.5427    2.9135E+00    6.7767E-01    5.1000E-01      1332    276    142     74   1.23    2.8696E-01    3.6117E+01
  3805    185    655.0000    111.9199     2191.8840      110.8720    59.5910    56.0433    2.9659E+00    6.2957E-01    2.4000E-01      1314    285    140     28   1.23    2.0279E-01    4.0712E+01
  3771    184    658.0000    105.0131     2180.5160      173.4700    53.1790    56.3628    2.8523E+00    6.7323E-01    4.0500E-01      1281    288    144     53   1.24    2.4411E-01    3.5874E+01
  3731    184    662.0000    105.6212     2164.5190      138.3120    46.3600    56.0427    2.8739E+00    6.4685E-01    3.6000E-01      1288    280    143     46   1.25    2.1712E-01    3.0758E+01
  3710    183    665.0000    105.4611     2155.9420      155.4960    49.4720    56.2236    2.8765E+00    6.6526E-01    3.7500E-01      1284    270    137     43   1.28    2.5992E-01    3.7116E+01
  3664    182    669.0000    105.7138     2138.8930      163.2660    38.7190    56.2531    2.8942E+00    6.6553E-01    4.2000E-01      1286    282    147     55   1.29    2.8509E-01    2.7864E+01
  3632    182    672.0000    101.6444     2126.9600      126.1580    34.7420    56.0992    2.8284E+00    6.6564E-01    3.1500E-01      1250    293    155     37   1.35    2.1297E-01    3.6304E+01
  3603    182    675.0000    102.9118     2116.7000      170.7720    33.5960    56.0131    2.8605E+00    6.2657E-01    3.3000E-01      1278    301    144     50   1.46    2.0762E-01    4.1358E+01
  3576    179    679.0000    100.2214     2105.0800      143.0020    41.2620    55.1127    2.8174E+00    6.3461E-01    3.3000E-01      1262    314    148     44   1.53    2.2923E-01    2.7525E+01
  3565    179    682.0000     98.7111     2102.0620      173.1200    50.7080    55.8409    2.7926E+00    6.7052E-01    4.0500E-01      1225    278    141     52   1.39    2.6516E-01    3.7155E+01
  3566    178    686.0000     91.5988     2100.3930      168.5100    36.8980    49.4749    2.6557E+00    6.5810E-01    4.0500E-01      1242    314    153     56   1.52    2.7889E-01    2.7703E+01
  3566    178    689.0000    102.4749     2100.3820      143.3700    15.3700    36.2793    2.8619E+00    6.2798E-01    3.1500E-01      1248    290    149     48   1.55    2.0785E-01    2.6344E+01
  3566    178    693.0000    120.6159     2100.3670      167.3420     1.6000    33.2064    3.1905E+00    6.4801E-01    3.7500E-01      1261    278    141     54   1.50    2.5671E-01    3.0507E+01
  3566    178    696.0000    126.4698     2100.3600      134.9900     7.5080    40.1771    3.2929E+00    5.8580E-01    3.1500E-01      1242    296    139     42   1.48    2.2234E-01    3.2647E+01
  3566    178    699.0000    124.9296     2100.3380      209.2540    39.5920    48.4593    3.2661E+00    6.3172E-01    4.2000E-01      1245    289    144     63   1.48    2.6394E-01    4.2121E+01
  3565    178    703.0000    109.0648     2099.7640      143.4180   115.5490    54.1331    2.9836E+00    5.9322E-01    3.3000E-01      1208    296    137     40   1.54    2.4533E-01    3.8891E+01
  3553    177    706.0000     93.9669     2089.5380      170.8400   225.9680    55.4805    2.7023E+00    5.9487E-01    3.6000E-01      1119    255    128     53   1.60    2.4660E-01    3.0874E+01
  3446    172    710.0000     94.1776     2045.1110       82.5860   252.4140    55.5404    2.7346E+00    6.1027E-01    2.4000E-01      1070    257    116     23   1.55    2.2852E-01    3.7208E+01
  3240    165    713.0000     93.2561     1965.7730       26.9460   199.7570    54.6693    2.7777E+00    6.0050E-01    6.0000E-02      1007    239    111      6   1.40    1.4822E-01    4.0763E+01
  3043    160    717.0000     82.6765     1883.3550      144.1060   139.8600    53.9921    2.6197E+00    6.4659E-01    3.6000E-01       957    242    115     45   1.27    2.4327E-01    3.5353E+01
  2926    157    720.0000     79.3576     1831.9940      219.2880   112.2890    53.5086    2.5830E+00    5.9629E-01    4.5000E-01       967    262    111     64   1.25    2.8732E-01    2.8834E+01
  2829    154    723.0000     79.4382     1798.2940      231.5380    92.8390    53.0755    2.6188E+00    5.9189E-01    4.5000E-01       960    261    110     69   1.25    2.8170E-01    3.2822E+01
  2767    151    727.0000     75.8975     1775.5900       78.5300    79.3980    52.8554    2.5620E+00    5.6522E-01    2.4000E-01       922    256    113     21   1.29    2.2925E-01    3.7448E+01
  2699    150    730.0000     70.8242     1744.9320      108.5300    67.9620    52.5302    2.4671E+00    5.3892E-01    2.4000E-01       920    251    111     31   1.32    1.7840E-01    3.6197E+01
  2674    150    734.0000     66.5129     1731.9640       71.6540    60.2950    52.3760    2.3727E+00    5.5792E-01    1.9500E-01       910    273    112     19   1.60    1.9765E-01    3.7817E+01
  2673    148    737.0000     70.7294     1731.0540      183.6880    58.0450    51.5150    2.4720E+00    6.4377E-01    3.9000E-01       928    257    109     53   1.70    2.5719E-01    3.8085E+01
  2673    148    741.0000     89.9974     1730.8700       65.4720    55.0030    49.8233    2.9026E+00    5.6959E-01    1.5000E-01       905    234    111     14   1.55    2.0153E-01    4.3373E+01
  2673    147    744.0000     88.3964     1730.8560       65.5940    59.8210    51.1099    2.8681E+00    5.0747E-01    1.9500E-01       892    255    109     18   1.49    2.0444E-01    3.9554E+01
  2671    146    747.0000     91.3729     1726.9960       73.7200    85.5960    51.5082    2.9312E+00    5.3529E-01    2.4000E-01       907    233    104     19   1.46    2.4452E-01    3.8344E+01
  2659    144    751.0000     84.5932     1719.7360      109.3200   122.8200    52.1201    2.7876E+00    6.1859E-01    3.3000E-01       877    214    109     33   1.47    2.3574E-01    3.8565E+01
  2622    143    754.0000     69.5630     1702.9900      146.6700   177.0560    52.0894    2.4584E+00    6.2518E-01    4.5000E-01       836    220    104     45   1.43    3.0967E-01    3.2511E+01
  2551    140    758.0000     75.1408     1668.4790      224.9460   189.8190    51.7825    2.6111E+00    5.5885E-01    4.9500E-01       792    224     95     72   1.35    2.7318E-01    2.8899E+01
  2463    131    761.0000     66.0358     1625.2710      219.3020   179.7960    51.4043    2.4228E+00    5.3274E-01    4.6500E-01       761    245     91     68   1.30    3.0140E-01    3.6374E+01
  2368    127    765.0000     61.6660     1575.7120      169.0000   158.3010    50.8324    2.3428E+00    5.6330E-01    4.3500E-01       743    230     97     50   1.22    2.7324E-01    3.6011E+01
  2288    126    768.0000     58.3472     1538.2690      150.1740   146.2390    50.4114    2.2842E+00    5.3163E-01    3.4500E-01       708    244     83     39   1.17    2.6290E-01    3.8035E+01
  2208    123    771.0000     56.0899     1503.2440      165.3980   123.8310    49.8191    2.2530E+00    5.3191E-01    4.0500E-01       695    239     90     54   1.13    2.6988E-01    3.1470E+01
  2144    122    775.0000     53.2785     1475.5890      144.2000   120.6870    49.6118    2.2001E+00    4.9846E-01    3.6000E-01       675    255     89     48   1.12    2.1986E-01    3.5506E+01
  2097    120    778.0000     57.2901     1451.4150      191.9040   106.6560    49.4400    2.3256E+00    5.8744E-01    4.8000E-01       662    234     89     62   1.08    3.0321E-01    3.3272E+01
  2058    118    782.0000     49.5707     1426.2060      115.6980    96.6500    49.0813    2.1219E+00    4.8462E-01    2.8500E-01       659    260     89     35   1.14    2.0783E-01    3.2098E+01
  2010    116    785.0000     55.3897     1405.2890      110.8020    82.2550    48.8552    2.3043E+00    5.5673E-01    3.3000E-01       662    224     92     35   1.09    2.7638E-01    3.2568E+01
  1970    115    789.0000     53.9150     1389.1090      104.8960    70.2220    48.6363    2.2803E+00    4.9284E-01    3.4500E-01       644    246     86     30   1.07    2.6644E-01    3.8063E+01
  1940    113    792.0000     51.9901     1370.3110       96.0580    61.7440    48.2674    2.2350E+00    5.3077E-01    3.0000E-01       645    231     89     28   1.08    2.5046E-01    3.5512E+01
  1905    108    795.0000     51.2308     1355.3040      148.9780    49.3530    48.2251    2.2279E+00    4.9022E-01    3.6000E-01       634    234     88     48   1.09    2.4627E-01    3.1837E+01
  1883    108    799.0000     54.8477     1344.3440       78.2220    41.0690    47.8079    2.3406E+00    4.8655E-01    2.1000E-01       624    219     86     21   1.10    1.8745E-01    3.7607E+01
  1863    108    802.0000     52.0669     1337.5490      158.9320    37.4940    48.0899    2.2707E+00    5.1030E-01    3.9000E-01       632    243     84     49   1.14    2.8213E-01    3.3956E+01
  1846    107    806.0000     51.3986     1330.0830      158.6720    38.9930    47.7075    2.2587E+00    4.5737E-01    3.6000E-01       621    240     80     47   1.17    2.4676E-01    3.8320E+01
  1839    107    809.0000     48.9516     1325.7930      127.2060    41.7700    47.8702    2.1888E+00    5.0605E-01    3.4500E-01       626    230     79     35   1.16    2.3199E-01    3.9093E+01
  1838    107    813.0000     48.0325     1325.4240      119.1520    39.3810    41.9140    2.1618E+00    5.3060E-01    3.4500E-01       626    244     81     34   1.23    2.8000E-01    3.6171E+01
  1838    107    816.0000     49.2384     1325.3940      114.3220    26.4130    37.1549    2.1978E+00    4.5602E-01    2.8500E-01       639    236     83     33   1.23    2.4972E-01    4.1795E+01
  1838    107    820.0000     56.3544     1322.3490       83.1840    16.4130    34.5917    2.4029E+00    4.3680E-01    2.1000E-01       638    231     79     23   1.18    1.9391E-01    3.5598E+01
  1838    107    823.0000     54.2265     1322.3320      107.8760    11.5210    33.6371    2.3420E+00    4.7538E-01    2.5500E-01       623    226     82     29   1.15    2.0252E-01    4.0488E+01
  1838    107    826.0000     57.1984     1320.7650      124.5700    13.3890    34.4779    2.4259E+00    5.2898E-01    2.8500E-01       618    218     85     34   1.13    2.0602E-01    3.4882E+01
  1838    107    830.0000     54.0587     1319.2830      139.7920    19.6780    39.5819    2.3354E+00    5.2221E-01    3.4500E-01       629    236     88     42   1.16    2.3134E-01    2.9751E+01
  1838    107    833.0000     57.3791     1319.2670       68.8180    32.4550    45.0190    2.4301E+00    5.2504E-01    2.4000E-01       617    210     86     23   1.13    2.1018E-01    2.9340E+01
  1837    106    837.0000     51.4577     1317.0280       83.9860    63.4680    46.6373    2.2593E+00    5.2559E-01    2.5500E-01       602    227     87     27   1.14    1.9966E-01    2.9730E+01
  1831    106    840.0000     51.3231     1310.9220       55.8580    84.2480    47.5171    2.2560E+00    5.0369E-01    1.5000E-01       599    220     85     16   1.15    1.6931E-01    3.4553E+01
  1809    102    844.0000     49.4960     1294.3100      125.8620    98.4800    47.4324    2.2078E+00    4.8968E-01    3.3000E-01       579    207     80     39   1.12    2.3322E-01    2.9709E+01
  1769    101    847.0000     45.9326     1272.2260      125.8160   106.7880    47.3781    2.1151E+00    4.6898E-01    3.3000E-01       551    233     74     37   1.11    2.4008E-01    3.1503E+01
  1719    102    850.0000     43.8884     1248.3480      109.2600    91.5000    46.8116    2.0723E+00    4.5689E-01    3.1500E-01       533    226     76     33   1.09    2.3942E-01    2.9419E+01
  1673    101    854.0000     43.5767     1228.1710      135.5560    81.0220    46.7279    2.0829E+00    4.1334E-01    3.1500E-01       541    213     76     43   1.08    2.2038E-01    3.2838E+01
  1626     98    857.0000     42.3787     1199.2480      129.3140    61.5790    46.2388    2.0612E+00    4.7028E-01    3.3000E-01       534    236     76     44   1.09    2.2700E-01    3.1960E+01
  1592     95    861.0000     43.4312     1183.1110      124.4980    51.5910    46.1588    2.1108E+00    4.8044E-01    3.4500E-01       521    188     71     35   1.06    2.4796E-01    3.5633E+01
  1557     95    864.0000     40.4385     1165.1470      104.1460    42.3900    45.8481    2.0277E+00    4.6621E-01    3.1500E-01       518    233     76     36   1.12    2.2591E-01    2.9988E+01
  1528     91    868.0000     42.1055     1152.5150      108.7460    36.5980    44.6071    2.0975E+00    4.2247E-01    3.0000E-01       503    227     68     34   1.17    2.3102E-01    3.5323E+01
  1512     91    871.0000     34.4728     1145.5140       85.3920    33.5120    45.5615    1.8428E+00    4.2521E-01    2.2500E-01       513    238     72     26   1.41    1.9358E-01    3.2419E+01
  1509     91    874.0000     39.7100     1144.3500      135.8760    31.1990    44.5813    2.0266E+00    4.1999E-01    3.0000E-01       522    245     71     40   1.57    2.4658E-01    3.2590E+01
  1509     91    878.0000     44.0143     1144.3420       57.1280    31.5380    41.7983    2.1706E+00    4.3860E-01    1.9500E-01       508    240     69     15   1.43    2.1545E-01    3.4694E+01
  1509     91    881.0000     47.7708     1144.3320       62.5400    30.3350    44.0610    2.2924E+00    4.2741E-01    2.2500E-01       491    228     73     20   1.31    2.1969E-01    3.1270E+01
  1503     91    885.0000     54.1196     1142.7840      115.3680    43.6530    43.6762    2.4957E+00    4.1431E-01    2.7000E-01       508    212     68     34   1.23    2.3441E-01    3.9087E+01
  1493     90    888.0000     47.1688     1137.0350      129.9100    61.1090    45.5120    2.2819E+00    4.0791E-01    2.7000E-01       501    236     68     38   1.23    2.0051E-01    3.5308E+01
  1473     89    892.0000     41.2500     1125.1130      106.6000    81.9770    45.1657    2.0952E+00    3.5460E-01    2.4000E-01       479    228     63     31   1.20    1.9865E-01    3.4737E+01
  1446     89    895.0000     42.9635     1114.2680      107.8340    99.9970    45.2274    2.1684E+00    3.5896E-01    2.4000E-01       472    206     58     31   1.14    1.9705E-01    3.2240E+01
  1413     88    898.0000     39.8203     1097.1130      156.9160   102.7330    44.9477    2.0774E+00    3.7645E-01    3.3000E-01       453    221     62     46   1.13    2.4778E-01    3.5430E+01
  1380     83    902.0000     38.5408     1079.6840       32.3660   100.9500    44.8228    2.0488E+00    3.4998E-01    1.0500E-01       446    201     58      8   1.10    1.7871E-01    3.7387E+01
  1326     84    905.0000     35.6379     1050.5710       58.6240    89.0960    44.3595    1.9706E+00    3.4511E-01    1.5000E-01       424    207     55     13   1.06    1.7031E-01    4.1585E+01
  1287     81    909.0000     38.8438     1033.4020       87.7880    89.6020    44.0987    2.1106E+00    3.0734E-01    1.9500E-01       420    196     54     21   0.99    1.8294E-01    4.3014E+01
  1252     80    912.0000     36.4624     1016.5410       54.7700    83.7980    43.9597    2.0437E+00    3.1264E-01    1.3500E-01       428    196     57     15   1.05    1.5809E-01    3.6660E+01
  1229     79    916.0000     35.2218     1000.4030       49.7220    74.6500    43.4302    2.0072E+00    4.1089E-01    1.8000E-01       419    175     58     15   0.95    2.0764E-01    3.3818E+01
  1215     79    919.0000     36.8871      992.7110       34.6000    68.2090    43.2803    2.0779E+00    3.4487E-01    1.5000E-01       407    168     56      9   0.92    1.8053E-01    3.5325E+01
  1195     77    922.0000     39.6881      985.3360       26.8680    65.5830    43.2431    2.1966E+00    4.5230E-01    6.0000E-02       409    184     59      7   0.91    1.5896E-01    3.6286E+01
  1181     76    926.0000     36.0822      978.2790       67.6220    64.6350    43.2124    2.0701E+00    3.7836E-01    1.3500E-01       397    185     54     18   0.93    1.4328E-01    3.7909E+01
  1169     75    929.0000     36.9410      971.4860       37.0440    63.5470    43.1172    2.1100E+00    3.3399E-01    1.2000E-01       414    183     57      9   0.95    1.6404E-01    3.3200E+01
  1156     76    933.0000     36.2268      969.3720       35.3260    60.5810    43.0321    2.0942E+00    4.1466E-01    1.2000E-01       400    186     53      9   0.94    2.0004E-01    3.6509E+01
  1142     76    936.0000     36.3692      961.8430       47.7240    62.1170    42.6442    2.1085E+00    3.6697E-01    1.6500E-01       399    165     52     14   0.91    1.9606E-01    3.4207E+01
  1134     75    940.0000     41.1663      953.3340       50.7520    54.6080    42.8744    2.2923E+00    2.9172E-01    1.3500E-01       399    157     53     15   0.91    1.5090E-01    3.3347E+01
  1124     74    943.0000     42.1417      946.4150       33.5780    50.9730    42.7762    2.3342E+00    3.9703E-01    1.0500E-01       406    166     54      8   0.98    2.1167E-01    3.5665E+01
  1116     74    946.0000     40.5829      941.4260       28.7480    48.6350    42.3797    2.2813E+00    4.2093E-01    1.2000E-01       391    163     55      9   0.90    2.0037E-01    3.1528E+01
  1105     70    950.0000     42.2669      934.0730       26.2820    51.1480    42.6561    2.3508E+00    5.0042E-01    9.0000E-02       395    138     56      6   0.88    2.8405E-01    3.5716E+01
  1093     69    953.0000     40.8708      928.7650      108.5180    49.6560    42.5296    2.3084E+00    4.8047E-01    3.7500E-01       396    153     56     32   0.92    2.7160E-01    3.3093E+01
  1079     68    957.0000     42.9658      917.0220       24.6640    43.3050    42.2846    2.3937E+00    4.2759E-01    6.0000E-02       396    164     54      6   0.97    2.3752E-01    3.8374E+01
  1068     68    960.0000     39.5923      909.9580       35.1340    41.0750    41.5503    2.2738E+00    4.1974E-01    1.2000E-01       387    160     51      7   1.02    2.3431E-01    4.2399E+01
  1055     68    964.0000     37.9147      900.5240       44.2100    37.8800    40.9836    2.2165E+00    4.0929E-01    1.6500E-01       374    152     52     12   1.05    2.0832E-01    3.6904E+01
  1040     67    967.0000     37.4940      890.0280       77.7080    33.6350    39.7475    2.2090E+00    3.6819E-01    2.1000E-01       377    158     51     22   1.05    2.0082E-01    3.5865E+01
  1039     65    970.0000     38.7479      888.5220       32.3320    37.2240    41.5127    2.2579E+00    4.1170E-01    1.0500E-01       384    151     51      8   1.04    1.5823E-01    3.6102E+01
  1039     65    974.0000     40.2386      888.5080       91.6680    33.8380    41.8038    2.3154E+00    4.4753E-01    3.0000E-01       374    144     51     25   1.07    2.8224E-01    3.5919E+01
  1037     64    977.0000     40.0485      883.4100       50.1680    21.3350    38.8599    2.3062E+00    4.9929E-01    2.1000E-01       375    144     56     14   1.02    2.3732E-01    3.2601E+01
  1037     64    981.0000     40.6307      883.3980      138.2160    14.5920    35.0079    2.3285E+00    4.5490E-01    3.9000E-01       378    150     58     44   1.04    3.0980E-01    2.8719E+01
  1037     64    984.0000     51.4127      883.1370       71.9080     8.9500    31.0167    2.7238E+00    5.1346E-01    3.1500E-01       385    127     53     21   0.98    3.0776E-01    3.4870E+01
  1037     64    988.0000     53.5895      881.9840       80.3000    12.8280    31.4927    2.7989E+00    5.9207E-01    4.0500E-01       385    127     55     25   0.98    3.4484E-01    3.1311E+01
  1037     63    991.0000     50.6608      881.8430       26.5740    21.5740    34.4263    2.6959E+00    5.1314E-01    1.3500E-01       366    149     54      8   1.01    2.3384E-01    3.1975E+01
  1037     63    994.0000     43.0449      879.4240       56.9680    41.9170    38.6027    2.4162E+00    4.3345E-01    2.2500E-01       368    125     50     15   1.02    2.4671E-01    3.7751E+01
  1032     64    998.0000     45.1527      877.5000       31.0080    65.4420    41.1203    2.4993E+00    5.4483E-01    1.0500E-01       361    137     53      7   1.04    2.4346E-01    3.2399E+01
  1019     62   1001.0000     41.5547      869.8920       64.7220    79.8790    41.5751    2.3745E+00    5.2839E-01    2.8500E-01       346    133     48     17   1.01    3.3838E-01    3.7826E+01
   997     61   1005.0000     40.6809      856.8300       84.9420    98.3960    41.4380    2.3578E+00    4.6491E-01    3.4500E-01       334    133     47     26   0.98    3.0694E-01    3.4119E+01
   955     59   1008.0000     36.4228      829.4410       85.4420    86.2490    41.1004    2.2190E+00    4.5744E-01    3.0000E-01       330    130     50     27   0.91    2.4609E-01    3.3675E+01
   919     57   1012.0000     35.7966      809.1320       97.5100    76.8760    40.5187    2.2223E+00    4.6415E-01    3.4500E-01       323    130     46     29   0.85    3.0929E-01    3.4540E+01
   898     56   1015.0000     32.5595      796.3650       80.6020    69.3640    40.2662    2.1019E+00    4.6699E-01    3.6000E-01       308    137     43     23   0.85    3.1152E-01    3.4140E+01
   878     56   1019.0000     32.2480      783.0380       43.7580    64.7650    39.9885    2.1028E+00    4.3014E-01    1.6500E-01       301    131     44     10   0.86    2.6748E-01    3.7969E+01
   855     54   1022.0000     33.7509      769.3960       51.4560    58.4600    39.7888    2.1868E+00    4.6483E-01    1.8000E-01       301    130     40     14   0.85    2.4198E-01    3.8177E+01
   838     53   1025.0000     34.6015      756.9110       50.5920    54.7540    39.7463    2.2360E+00    3.7093E-01    2.4000E-01       299    127     40     13   0.85    2.6817E-01    3.8657E+01
   824     49   1029.0000     35.0983      741.2320       88.1660    45.8190    39.5516    2.2626E+00    4.8698E-01    3.4500E-01       296    124     43     26   0.86    3.0771E-01    3.5503E+01
   813     48   1032.0000     34.4094      731.3700       42.5420    44.2490    39.2078    2.2395E+00    5.5728E-01    2.7000E-01       292    104     44     13   1.17    3.3372E-01    3.4937E+01
   804     46   1036.0000     31.4167      721.8430       67.2600    38.3590    39.1394    2.1114E+00    4.9484E-01    3.3000E-01       297    134     45     20   1.04    3.2648E-01    3.3630E+01
   803     45   1039.0000     34.4247      719.3060       95.7540    37.6250    38.2406    2.2430E+00    6.9669E-01    5.5500E-01       290     96     46     30   1.10    4.5775E-01    3.1418E+01
   800     44   1043.0000     39.3486      716.8060      158.5280    36.2510    38.3713    2.4543E+00    6.2818E-01    6.9000E-01       294    107     42     52   1.13    4.7096E-01    3.2471E+01
   797     43   1046.0000     43.4900      714.5280       64.5700    43.3110    37.8599    2.6263E+00    5.7395E-01    4.2000E-01       291    108     44     18   1.12    4.3200E-01    3.4255E+01
   789     43   1049.0000     47.9731      709.3770       81.1780    47.9420    38.5049    2.8126E+00    6.3310E-01    5.1000E-01       285     92     43     26   1.09    4.4913E-01    2.9325E+01
   774     43   1053.0000     39.6545      699.4740       72.6300    50.2880    38.3671    2.4919E+00    6.2451E-01    3.7500E-01       274     99     45     23   1.04    3.5524E-01    3.1171E+01
   758     42   1056.0000     35.0086      686.4240      102.6340    59.9300    38.0243    2.3052E+00    5.6150E-01    4.8000E-01       265     93     44     35   1.03    4.0820E-01    3.1577E+01
   747     42   1060.0000     37.2332      680.5560       83.1080    67.9010    37.6585    2.4143E+00    5.5472E-01    4.2000E-01       259     95     37     24   1.06    3.7576E-01    3.5307E+01
   722     41   1063.0000     36.0585      662.9720       50.1120    68.3430    38.0353    2.3870E+00    5.5747E-01    3.7500E-01       255     99     42     17   0.98    4.0151E-01    2.7971E+01
   687     38   1067.0000     30.4212      637.2330       94.5500    58.7840    37.0633    2.1614E+00    5.5433E-01    4.6500E-01       244     90     39     30   0.89    3.9717E-01    3.1763E+01
   668     36   1070.0000     31.5316      628.0890       94.2180    55.0600    37.2327    2.2371E+00    5.3855E-01    4.5000E-01       236     95     37     30   0.87    3.6565E-01    3.3457E+01
   649     35   1073.0000     27.7382      611.7520       94.0220    56.6080    36.9285    2.0683E+00    5.6052E-01    5.1000E-01       228     91     35     29   0.84    4.0208E-01    3.2743E+01
   629     35   1077.0000     29.1268      598.8850       88.7280    59.3970    36.5722    2.1583E+00    5.2723E-01    4.6500E-01       232     95     35     28   0.81    3.9852E-01    3.1596E+01
   620     35   1080.0000     27.4579      593.2670       34.8220    62.0780    36.0335    2.0849E+00    5.7395E-01    3.1500E-01       224     84     36     11   0.81    4.0141E-01    2.8582E+01
   607     34   1084.0000     24.6628      579.1970      105.7800    58.4320    36.2304    1.9478E+00    5.6868E-01    6.0000E-01       210     98     36     37   0.84    4.2726E-01    2.9295E+01
   591     34   1087.0000     23.1775      569.2430       61.7220    52.5950    35.8447    1.8853E+00    5.0510E-01    3.6000E-01       216     92     32     17   0.84    4.0311E-01    3.5300E+01
   579     33   1091.0000     25.9321      559.4270       73.2640    48.8520    35.4503    2.0428E+00    4.3651E-01    3.9000E-01       205     93     31     23   0.85    3.6439E-01    3.3072E+01
   565     33   1094.0000     26.1331      549.8500       80.1600    43.2700    35.6681    2.0689E+00    5.3981E-01    4.9500E-01       201     89     32     25   0.85    4.4472E-01    3.3327E+01
   549     31   1097.0000     24.3255      537.1370       62.7440    34.4210    35.3254    1.9878E+00    4.9929E-01    3.9000E-01       197     93     33     20   0.84    3.8146E-01    3.1372E+01
   532     31   1101.0000     22.8656      528.1400       86.2740    32.1860    35.2726    1.9294E+00    4.7578E-01    4.5000E-01       195     89     32     28   0.84    3.8505E-01    3.2904E+01
   522     31   1104.0000     19.2295      521.5340      144.3720    31.3750    34.7173    1.7295E+00    6.4191E-01    7.5000E-01       194     78     31     45   0.83    5.6896E-01    3.4146E+01
   517     31   1108.0000     20.6335      518.5690       79.1640    31.8910    34.9448    1.8187E+00    4.8636E-01    4.5000E-01       190     92     32     25   0.86    4.1076E-01    3.0315E+01
   513     30   1111.0000     23.3308      514.1440       85.1020    31.0970    34.6953    1.9766E+00    4.8654E-01    4.5000E-01       190     81     28     24   0.87    4.0511E-01    3.5286E+01
   509     30   1115.0000     20.1010      513.2670       58.9660    31.6750    34.7397    1.7963E+00    5.0826E-01    3.7500E-01       188     89     31     18   0.90    3.9948E-01    3.2495E+01
   506     30   1118.0000     20.0164      511.3660       47.6600    29.9790    32.7105    1.7948E+00    5.0635E-01    1.9500E-01       188     79     30     13   0.92    3.4435E-01    3.4984E+01
   506     30   1121.0000     24.4322      511.3510       47.9760    26.8770    34.6934    2.0499E+00    5.1309E-01    4.0500E-01       192     87     32     17   0.92    4.2765E-01    2.8550E+01
   505     30   1125.0000     24.2293      511.1390       57.8900    31.0040    34.1818    2.0404E+00    4.6222E-01    2.8500E-01       192     86     31     17   0.92    3.3741E-01    3.1602E+01
   503     29   1128.0000     21.7194      508.6370       70.6080    31.9820    34.6834    1.8979E+00    4.5758E-01    4.0500E-01       192     76     31     23   0.91    3.8671E-01    3.0762E+01
   501     29   1132.0000     22.4982      506.8810      104.4360    38.7820    33.5882    1.9449E+00    4.7351E-01    4.9500E-01       194    100     33     36   0.94    4.2742E-01    2.8643E+01
   498     29   1135.0000     23.8904      504.4320       64.1800    46.9540    34.4431    2.0277E+00    5.2420E-01    4.5000E-01       184     78     31     21   0.93    4.3109E-01    3.1320E+01
   484     29   1139.0000     18.6522      496.9150       89.6960    48.6500    34.4072    1.7372E+00    4.4865E-01    4.5000E-01       174     99     27     27   0.96    3.8863E-01    3.3767E+01
   469     26   1142.0000     17.3555      482.8430       58.1720    43.4140    34.1974    1.6681E+00    4.3732E-01    3.4500E-01       170     93     27     18   0.92    3.6433E-01    3.2404E+01
   444     23   1145.0000     16.7881      465.8760       65.9020    34.4200    33.7170    1.6605E+00    5.1085E-01    3.7500E-01       170     82     28     20   0.85    3.7342E-01    3.2951E+01
   436     22   1149.0000     18.1346      457.2820       72.3920    35.5890    33.4237    1.7544E+00    4.7708E-01    4.6500E-01       163     91     28     24   0.84    4.1811E-01    3.0945E+01
   418     21   1152.0000     18.6623      441.2580       52.8440    26.7980    32.9602    1.8075E+00    4.7699E-01    3.9000E-01       160     79     27     18   0.76    4.0742E-01    2.9058E+01
   411     21   1156.0000     16.8328      437.1650       56.1880    25.7880    33.0252    1.6975E+00    4.7355E-01    3.6000E-01       159     80     26     16   0.78    4.1869E-01    3.3689E+01
   400     21   1159.0000     15.5362      429.1170       55.2600    20.0820    32.7644    1.6226E+00    4.7121E-01    2.8500E-01       158     85     26     15   0.76    3.9969E-01    3.2958E+01
   395     21   1163.0000     14.4983      425.4460       79.9160    18.5460    32.4634    1.5555E+00    4.8253E-01    4.8000E-01       153     90     26     25   0.79    4.5289E-01    3.1409E+01
   383     20   1166.0000     15.6987      415.4920       69.2400     8.8590    30.2242    1.6544E+00    4.8058E-01    4.6500E-01       151     92     25     21   0.76    4.3435E-01    3.3767E+01
   378     20   1169.0000     15.5903      410.7510       78.7140    10.5030    31.9271    1.6520E+00    4.4024E-01    4.3500E-01       154     93     24     23   0.79    4.1622E-01    3.4598E+01
   374     19   1173.0000     16.5895      407.9320       60.2200    11.3600    29.5763    1.7277E+00    3.7408E-01    3.4500E-01       149     90     25     19   0.82    3.5764E-01    3.2089E+01
   374     18   1176.0000     18.5556      406.4040       33.3500    20.8610    31.1630    1.8593E+00    3.8312E-01    2.2500E-01       151     81     25     11   0.89    3.2325E-01    2.9898E+01
   367     17   1180.0000     15.0202      401.4050       42.2840    22.4350    31.2153    1.6246E+00    2.5922E-01    2.1000E-01       148     82     22     12   0.91    2.4698E-01    3.6037E+01
   361     17   1183.0000     16.5517      398.3810       42.0620    28.2030    32.1155    1.7441E+00    3.1550E-01    2.1000E-01       147     89     22     11   0.88    2.9014E-01    3.6323E+01
   358     17   1187.0000     14.1200      396.1060       33.3360    32.9790    32.0409    1.5728E+00    3.5474E-01    1.8000E-01       141     94     21      9   0.84    3.4724E-01    3.5857E+01
   350     19   1190.0000     15.1850      390.5460       32.6600    33.3060    29.9693    1.6630E+00    3.0140E-01    1.0500E-01       141     83     21      8   0.80    2.6932E-01    3.4258E+01
   351     18   1193.0000     13.6892      389.2970       61.6060    30.9690    28.2578    1.5479E+00    3.8451E-01    3.6000E-01       140     86     22     19   0.78    3.6834E-01    3.2520E+01
   351     18   1197.0000     13.3596      387.6550       36.0140    34.4090    28.3345    1.5208E+00    3.8391E-01    2.7000E-01       140     89     21     10   0.78    3.7877E-01    3.5117E+01
   351     18   1200.0000     15.5816      386.7700       26.0760    30.3040    31.4624    1.6838E+00    3.1558E-01    1.3500E-01       149     92     22      7   0.81    2.9673E-01    3.3246E+01
   349     19   1204.0000     17.4158      386.3380       52.9640    33.5880    27.1040    1.8184E+00    3.5518E-01    3.1500E-01       142     79     22     16   0.79    3.3508E-01    3.1876E+01
   350     18   1207.0000     14.1733      384.1540       29.3440    40.3730    27.1032    1.5796E+00    3.3173E-01    1.6500E-01       141     81     21      9   0.85    2.9848E-01    3.4284E+01
   349     18   1211.0000     15.4868      383.4060       44.9240    46.0900    31.0689    1.6772E+00    4.0691E-01    2.5500E-01       137     74     22     13   0.87    3.7360E-01    3.1192E+01
   341     18   1214.0000     12.3947      374.9140       35.7680    48.9260    30.1312    1.4528E+00    4.6427E-01    3.6000E-01       128     75     25     12   0.88    4.3676E-01    2.6915E+01
   334     18   1218.0000     14.5633      368.5950       60.3020    56.8130    30.9593    1.6264E+00    4.3342E-01    4.2000E-01       126     79     23     21   0.90    4.1600E-01    2.8790E+01
   318     17   1221.0000     11.2715      352.0730       47.1940    51.5640    30.6625    1.3858E+00    3.6610E-01    3.0000E-01       117     78     21     16   0.89    3.6516E-01    2.8907E+01
   308     15   1224.0000      9.2021      336.9470       57.0400    52.9030    30.1839    1.2132E+00    3.2684E-01    3.3000E-01       113     79     16     16   0.88    4.1250E-01    3.4588E+01
   288     12   1228.0000     10.2755      314.5110       36.6600    38.7750    29.7231    1.3221E+00    3.8928E-01    3.6000E-01       102     61     17     12   0.82    3.9613E-01    3.2253E+01
   267     12   1231.0000      9.4233      294.7410       70.9840    22.0110    28.9808    1.2708E+00    4.3522E-01    5.1000E-01        98     74     17     21   0.71    4.6731E-01    3.3887E+01
   257     12   1235.0000      7.4337      286.3970       47.5080    18.9610    27.9359    1.0963E+00    3.4837E-01    3.3000E-01        96     81     17     15   0.74    4.0773E-01    3.1730E+01
   251     12   1238.0000      9.4761      279.7910       75.2340    17.8830    26.5842    1.2948E+00    4.0338E-01    4.8000E-01        99     74     16     24   0.70    4.2379E-01    3.2647E+01
   249     12   1242.0000      9.8206      276.5040       67.7220    17.3500    28.0812    1.3263E+00    4.0702E-01    4.6500E-01        94     71     16     21   0.72    4.4933E-01    3.1891E+01
   244     12   1245.0000      7.9870      272.1370       80.8820    14.6310    27.7081    1.1617E+00    3.8025E-01    4.5000E-01        92     77     16     25   0.76    4.2098E-01    3.3648E+01
   237     12   1248.0000      7.5450      267.7880       48.5580    14.8720    27.4951    1.1294E+00    4.0332E-01    3.9000E-01        91     80     17     16   0.75    4.2496E-01    2.9817E+01
   233     11   1252.0000      9.1703      260.7150       42.1960    12.1540    27.8168    1.2862E+00    4.1322E-01    3.7500E-01        88     65     16     12   0.73    4.7427E-01    3.3959E+01
   231     11   1255.0000      9.0137      257.4680       22.9380    14.7950    27.0696    1.2719E+00    2.8829E-01    1.2000E-01        91     69     15      7   0.77    3.3149E-01    3.3921E+01
   225     11   1259.0000      9.8952      252.2380       59.7220    11.8270    27.0223    1.3628E+00    4.5718E-01    5.2500E-01        86     57     15     18   0.76    5.3866E-01    3.3047E+01
   223     11   1262.0000     10.9876      251.3350       46.0460    12.4400    26.0019    1.4663E+00    4.2603E-01    4.2000E-01        84     58     15     14   0.71    4.7117E-01    3.1469E+01
   221     11   1266.0000      8.0969      249.9830       28.9360    14.8530    26.3462    1.1998E+00    4.7522E-01    3.6000E-01        86     65     17     10   0.72    5.0122E-01    3.1922E+01
   218     11   1269.0000      8.7515      248.5490       79.1040    16.2340    26.9345    1.2701E+00    4.7306E-01    5.8500E-01        83     58     16     26   0.71    5.1268E-01    3.1367E+01
   214     11   1272.0000      8.3996      243.8630       36.3180    17.3440    25.2685    1.2398E+00    2.5529E-01    2.1000E-01        83     67     14     11   0.72    3.2068E-01    3.2991E+01
   212     11   1276.0000      9.0644      241.9040       39.8820    20.7280    26.9692    1.3072E+00    3.8200E-01    3.1500E-01        81     60     13     11   0.68    4.5668E-01    3.4561E+01
   210     11   1279.0000      8.2814      237.9470       52.7600    19.3440    26.4115    1.2301E+00    3.4968E-01    4.2000E-01        79     61     15     18   0.68    4.2212E-01    2.9356E+01
   203     11   1283.0000      8.0156      232.5110       35.0780    15.1140    24.6862    1.2154E+00    2.9695E-01    2.7000E-01        79     62     13     10   0.66    3.6921E-01    3.0708E+01
   203     11   1286.0000      7.6595      231.3160       39.2400    17.4920    26.4330    1.1772E+00    2.5659E-01    2.1000E-01        78     65     12     11   0.68    3.1036E-01    3.4341E+01
   200     11   1290.0000      8.9147      229.2440       42.6680    19.9660    26.7603    1.3086E+00    2.2846E-01    2.4000E-01        78     54     13     13   0.66    3.4481E-01    3.3589E+01
   199     11   1293.0000      9.0944      228.4530       22.8780    15.7590    25.4375    1.3280E+00    2.0803E-01    1.8000E-01        75     63     13      6   0.71    2.8122E-01    3.2808E+01
   198     11   1296.0000      7.9280      227.6470       31.8960    15.4820    26.4497    1.2136E+00    2.4135E-01    1.9500E-01        74     61     12      8   0.73    3.6786E-01    3.2026E+01
   192     12   1300.0000     10.3971      224.5930       23.5100    14.5530    25.5758    1.4705E+00    2.4217E-01    1.2000E-01        75     50     12      6   0.69    3.7016E-01    3.4594E+01
   191     11   1303.0000     12.7966      222.4070       41.3880    13.3340    26.2912    1.6879E+00    5.8728E-01    5.8500E-01        79     39     15     14   0.77    6.3626E-01    2.9405E+01
   187     11   1307.0000     19.5477      217.6730       29.5520    12.4750    25.6909    2.2470E+00    6.4098E-01    5.7000E-01        81     26     13      9   0.71    7.4984E-01    3.1532E+01
   183     12   1310.0000     18.3990      214.7640       46.5120    10.6960    24.8581    2.1724E+00    8.6648E-01    9.6000E-01        79     19     16     18   0.56    1.0157E+00    2.6920E+01
   180     12   1314.0000     19.1277      210.9560       45.1960    10.5610    25.4667    2.2349E+00    5.5001E-01    6.0000E-01        76     29     13     14   0.57    7.7913E-01    3.0097E+01
   178     12   1317.0000     15.3926      207.9250       81.3080    14.2960    23.4996    1.9353E+00    7.3883E-01    8.8500E-01        74     33     13     26   0.59    8.2474E-01    3.1462E+01
   175     12   1320.0000     15.3852      204.8000       21.3660    15.7350    24.2536    1.9417E+00    6.0519E-01    3.4500E-01        73     29     13      7   0.58    7.5121E-01    3.2801E+01
   171     12   1324.0000     14.9864      202.6100       32.4400    16.9480    25.0866    1.9237E+00    4.9952E-01    4.8000E-01        75     35     14     12   0.58    6.4497E-01    2.5706E+01
   167     12   1327.0000     15.3814      199.4330       27.9780    23.6980    23.8880    1.9706E+00    3.8396E-01    3.3000E-01        70     30     11      8   0.56    6.7307E-01    3.4068E+01
   161     12   1331.0000     14.0349      194.4510       18.3800    20.7800    25.0794    1.8727E+00    5.4573E-01    1.9500E-01        66     28     10      4   0.53    7.5051E-01    3.1781E+01
   158     11   1334.0000     13.4944      190.8080       22.8320    17.1410    24.9897    1.8302E+00    3.9028E-01    3.0000E-01        64     20     10      7   0.53    9.9900E-01    3.2392E+01
   154     10   1338.0000     14.0705      186.6770       19.9180    13.9080    23.8042    1.8926E+00    3.8321E-01    1.5000E-01        62     36     11      6   0.56    6.5603E-01    3.2170E+01
   150     10   1341.0000     12.7965      184.8400       25.9820    14.3500    24.8260    1.7944E+00    4.4113E-01    2.7000E-01        64     30     10      7   0.83    6.8987E-01    3.1611E+01
   147     10   1344.0000     13.4430      183.3830       15.1600    13.5120    24.8210    1.8684E+00    3.8107E-01    1.9500E-01        61     30     11      5   0.59    7.1515E-01    2.9417E+01
   145     10   1348.0000     15.4751      181.3570       28.7780    14.7520    22.5828    2.0587E+00    4.7490E-01    4.5000E-01        58     27     11      9   0.58    8.0627E-01    3.1881E+01
   145     10   1351.0000     14.7582      180.0020       23.6660    14.2530    23.0988    1.9897E+00    4.4034E-01    2.4000E-01        61     22     10      7   0.65    8.4222E-01    3.2156E+01
   143     10   1355.0000     13.4761      177.9410       20.3180    13.9490    21.7433    1.8786E+00    5.6591E-01    2.4000E-01        62     22     11      6   0.58    9.3927E-01    2.9798E+01
   143     10   1358.0000     15.0589      177.9380       36.6380    14.6410    22.0102    2.0229E+00    4.8858E-01    4.9500E-01        60     29     10     11   0.59    7.8923E-01    3.0558E+01
   143     10   1362.0000     17.1820      177.9300       25.9180    12.7520    23.5886    2.2088E+00    6.2209E-01    5.1000E-01        60     28     11      8   0.59    8.7529E-01    2.9725E+01
   142     10   1365.0000     16.8285      177.5670       19.6960    18.6460    24.4783    2.1846E+00    6.2777E-01    4.5000E-01        58     21     10      6   0.58    9.6074E-01    2.8698E+01
   139     10   1368.0000     16.1042      176.0230       27.2620    23.9150    19.5182    2.1381E+00    3.7296E-01    3.4500E-01        59     27     10      9   0.57    6.6775E-01    3.3789E+01
   138     10   1372.0000     12.5199      174.9210       37.6540    23.4320    23.1470    1.8105E+00    7.4820E-01    8.2500E-01        56     21     10     12   0.54    9.4329E-01    3.2691E+01
   135     11   1375.0000     11.5579      172.7890       43.2600    23.9350    23.3982    1.7284E+00    7.8691E-01    8.2500E-01        53     24     11     13   0.53    9.1838E-01    3.3719E+01
   132     10   1379.0000     10.9875      169.2700       33.6680    20.4390    23.6299    1.6783E+00    3.6043E-01    3.7500E-01        53     26      9     10   0.52    6.7043E-01    3.2981E+01
   129     10   1382.0000     11.4855      165.3020       46.2740    20.1570    23.7253    1.7348E+00    6.5269E-01    7.3500E-01        54     25     10     15   0.49    7.7446E-01    2.9978E+01
   128     10   1386.0000     13.9753      164.3080       17.4920    19.6260    22.3780    1.9809E+00    4.8477E-01    3.0000E-01        56     22     10      5   0.51    8.7933E-01    3.0988E+01
   126     10   1389.0000     13.0268      163.0750       23.7020    20.1080    23.6335    1.9003E+00    6.9563E-01    4.9500E-01        56     23     11      7   0.49    9.6555E-01    2.8910E+01
   124     10   1392.0000     14.6235      161.0560       18.3600    22.0880    20.8375    2.0604E+00    6.5015E-01    5.4000E-01        56     25      9      6   0.49    8.6037E-01    3.0999E+01
   124     10   1396.0000     12.0115      161.0510       17.3960    25.2430    23.3544    1.8071E+00    3.4312E-01    2.5500E-01        52     28     10      6   0.52    7.2751E-01    2.8495E+01
   123     10   1399.0000      9.1020      160.1800       18.6860    25.0850    22.1957    1.5053E+00    3.3250E-01    2.7000E-01        51     31      9      7   0.52    6.8919E-01    3.0568E+01
   123     10   1403.0000      9.7896      160.1650       23.8080    26.7510    23.6206    1.5801E+00    5.0280E-01    4.3500E-01        48     30     10      9   0.53    8.0181E-01    2.9285E+01
   116      8   1406.0000      8.8115      150.9220       37.1480    23.0610    23.0095    1.4866E+00    4.8014E-01    5.7000E-01        49     26      9     12   0.51    8.2871E-01    3.0992E+01
   111      8   1410.0000      6.7478      142.2630       25.1800    17.6390    21.6558    1.2468E+00    3.6053E-01    3.7500E-01        45     34      8      8   0.52    6.2127E-01    3.1141E+01
   105      8   1413.0000     10.4112      136.2010       23.7600    14.2550    20.9054    1.6860E+00    3.9255E-01    3.7500E-01        44     32      8      7   0.48    7.4800E-01    2.8316E+01
   100      8   1417.0000      9.4127      130.4770       31.5000    11.8870    21.5467    1.5914E+00    3.2712E-01    3.4500E-01        45     25      8     11   0.47    7.2119E-01    2.6840E+01
