 10027    473      0.0000     38.1705     6275.7010      730.8160     0.0000     9.4807    1.1706E+00    4.7824E-01    3.6000E-01      4793   3917    946    476   2.90    1.1995E-01    5.7380E+00
 10011    484      3.0000     38.1204     6263.2560      921.1940     0.0000    21.0069    1.1699E+00    4.7155E-01    3.9000E-01      4520   3659    795    498   3.05    1.2645E-01    3.3951E+01
 10009    485      6.0000     52.5936     6072.9930      937.2860    48.4670    84.6096    1.4352E+00    5.6471E-01    5.1000E-01      4607   2621    780    604   2.83    1.3387E-01    1.2436E+01
  9998    487     10.0000     61.5690     5836.6380     1005.5220    77.5470    94.3788    1.5742E+00    6.2899E-01    6.0000E-01      4512   2059    742    661   2.85    1.7811E-01    1.4586E+01
  9993    483     13.0000     65.1432     5684.1980     1167.1120     4.7990    85.6254    1.6207E+00    6.5285E-01    6.6000E-01      4401   1903    733    757   2.50    1.9155E-01    1.3169E+01
  9990    481     17.0000     66.6599     5636.3640     1419.9200     5.2750    82.6780    1.6414E+00    6.2859E-01    7.2000E-01      4331   1835    648    899   2.42    1.9893E-01    2.2871E+01
  9984    483     20.0000     70.8805     5597.3860     1141.5040    11.9900    80.6663    1.7066E+00    6.2367E-01    6.3000E-01      4373   1745    599    614   2.41    1.7481E-01    2.6555E+01
  9985    480     24.0000     76.2260     5544.9060     1236.5780    18.9500    94.1084    1.7856E+00    6.3607E-01    6.7500E-01      4400   1658    612    701   2.53    1.7269E-01    7.5170E+00
  9975    479     27.0000     80.3238     5504.3690     1062.4300    15.3090    89.5055    1.8456E+00    6.2514E-01    6.1500E-01      4453   1544    542    518   2.42    1.7770E-01    3.0766E+01
  9967    478     31.0000     78.9847     5460.1960      960.7260    11.9130    91.6261    1.8210E+00    6.1915E-01    5.8500E-01      4313   1485    549    472   2.30    1.8454E-01    2.3066E+01
  9962    478     34.0000     82.2705     5409.5850      821.4040    19.4040    92.6026    1.8659E+00    6.5428E-01    5.7000E-01      4250   1416    558    388   2.41    1.9827E-01    2.9747E+01
  9948    477     38.0000     87.5867     5333.3220      779.6160    14.3420    93.3401    1.9379E+00    6.7495E-01    5.7000E-01      4258   1325    555    380   2.38    1.9672E-01    3.7394E+01
  9938    477     41.0000     93.5945     5296.4160     1090.5220    11.0160    91.3988    2.0220E+00    6.9467E-01    7.0500E-01      4315   1250    542    557   2.29    2.0377E-01    3.6794E+01
  9933    477     45.0000     91.5812     5271.9100      843.7200    13.4640    86.9975    1.9904E+00    6.9962E-01    6.1500E-01      4171   1179    535    393   2.23    1.9165E-01    2.4257E+01
  9930    474     48.0000     94.7736     5246.3350     1101.5740    10.5550    92.9936    2.0335E+00    7.0377E-01    7.2000E-01      4134   1153    538    569   2.13    2.0398E-01    1.9123E+01
  9924    473     51.0000    100.6693     5199.8470     1100.7700    13.9960    91.0099    2.1114E+00    7.6759E-01    7.9500E-01      4189   1038    559    603   2.46    2.2041E-01    2.0522E+01
  9916    473     55.0000    101.3175     5193.7410      905.2520    11.6780    92.2946    2.1207E+00    7.3391E-01    6.9000E-01      4178   1065    546    471   2.08    2.0248E-01    2.5264E+01
  9913    472     58.0000    100.0789     5178.5680     1158.5400     8.4270    92.2303    2.1017E+00    7.8430E-01    8.2500E-01      4158   1038    576    653   2.09    2.4912E-01    3.0588E+01
  9908    471     62.0000    103.8903     5165.3020     1096.4140     6.3360    91.9844    2.1535E+00    7.7138E-01    7.9500E-01      4135   1011    527    557   2.06    1.9979E-01    1.5204E+01
  9901    470     65.0000     99.2806     5137.1810      852.5800     5.1430    90.7397    2.0864E+00    7.4789E-01    6.7500E-01      4105   1065    550    432   2.23    2.5291E-01    2.0060E+01
  9899    469     69.0000     91.5990     5130.3100     1195.4820     1.8250    84.4088    1.9767E+00    7.2727E-01    7.9500E-01      4076   1081    537    653   2.57    2.3887E-01    1.8821E+01
  9901    467     72.0000    128.1618     5105.4710      674.4920     3.3060    86.5815    2.4685E+00    7.2350E-01    5.8500E-01      4044    910    480    286   2.04    2.1610E-01    1.9338E+01
  9897    467     76.0000    121.5666     5075.3860      684.8700     5.8510    86.2498    2.3789E+00    7.4746E-01    6.1500E-01      4057    925    514    306   2.02    2.5600E-01    2.6943E+01
  9893    465     79.0000    121.2982     5059.9750      673.5980    23.8930    92.1297    2.3736E+00    7.0826E-01    5.7000E-01      4077    981    465    284   2.03    2.0918E-01    4.2358E+01
  9884    466     83.0000    123.1713     5053.5800      950.7980    55.0540    88.0736    2.3982E+00    7.2426E-01    6.9000E-01      4058    918    451    415   2.00    2.4867E-01    3.9070E+01
  9873    466     86.0000    121.6187     5033.5250      642.6320   122.8680    91.8815    2.3764E+00    7.7382E-01    5.8500E-01      3994    865    463    249   1.99    2.2558E-01    4.3657E+01
  9856    463     90.0000    117.5003     5021.2380      800.3760   216.5310    89.8247    2.3229E+00    7.6219E-01    6.9000E-01      3853    842    450    357   1.98    2.3584E-01    3.7716E+01
  9826    464     93.0000    116.7978     4988.1730      616.3720   277.3010    91.4902    2.3127E+00    7.4491E-01    5.8500E-01      3732    801    423    247   1.96    1.9299E-01    4.3403E+01
  9749    464     96.0000    116.3981     4947.1960      809.6660   292.1840    91.1399    2.3117E+00    7.3849E-01    6.9000E-01      3686    819    392    337   1.96    2.2944E-01    2.9029E+01
  9627    460    100.0000    115.8156     4874.7470      711.2680   278.0770    90.9787    2.3097E+00    7.0868E-01    6.1500E-01      3604    803    389    277   1.88    2.4908E-01    4.5707E+01
  9515    458    103.0000    119.9639     4813.0710      677.1260   239.5130    90.5397    2.3707E+00    7.3870E-01    6.4500E-01      3661    800    395    283   1.87    2.3710E-01    3.7901E+01
  9417    451    107.0000    113.7472     4757.6390      561.0580   213.5860    90.3582    2.2931E+00    7.0537E-01    5.4000E-01      3511    831    390    204   1.85    2.1380E-01    4.7562E+01
  9340    450    110.0000    125.4951     4707.8850      482.7500   185.5250    90.0203    2.4516E+00    7.7893E-01    5.5500E-01      3636    735    401    184   1.80    2.1505E-01    5.8842E+01
  9263    450    114.0000    121.4571     4667.4960      745.5400   164.2450    89.4397    2.4034E+00    7.0618E-01    6.3000E-01      3528    752    368    288   1.81    2.5522E-01    4.0722E+01
  9182    448    117.0000    122.9563     4627.8830      559.2540   132.6240    89.3873    2.4288E+00    7.3560E-01    5.5500E-01      3562    721    391    213   1.81    2.2421E-01    3.8062E+01
  9138    445    121.0000    126.0384     4595.0440      240.8580   119.3350    89.2721    2.4703E+00    7.9229E-01    3.4500E-01      3592    715    410     66   1.79    1.9494E-01    6.1605E+01
  9100    442    124.0000    126.8031     4562.4220      505.5740   110.8780    88.9519    2.4804E+00    7.9786E-01    5.5500E-01      3580    676    404    181   1.76    2.2718E-01    4.8760E+01
  9062    442    128.0000    124.2501     4533.2420      297.4580   107.9730    88.5402    2.4478E+00    7.9245E-01    4.8000E-01      3470    669    399    113   1.75    2.2740E-01    5.3185E+01
  9037    440    131.0000    128.5663     4506.8800      568.4520    95.5850    88.6245    2.5033E+00    7.8631E-01    6.1500E-01      3573    648    389    218   1.76    2.6255E-01    2.0127E+01
  9013    439    135.0000    127.5744     4495.4640      512.1380    90.8620    88.5241    2.4922E+00    7.9843E-01    6.0000E-01      3469    649    390    198   1.73    2.5209E-01    4.6203E+01
  8987    436    138.0000    127.9804     4472.2030      406.4020    74.9680    88.1356    2.4974E+00    7.7967E-01    5.1000E-01      3498    690    401    152   1.76    2.1508E-01    3.8125E+01
  8965    433    142.0000    132.0314     4456.0560      443.7600    70.6320    88.2729    2.5504E+00    7.2704E-01    4.6500E-01      3519    685    370    145   1.73    1.9243E-01    2.8581E+01
  8946    432    145.0000    131.9587     4432.4730      276.1020    65.1000    88.1374    2.5481E+00    7.7937E-01    4.3500E-01      3486    678    376     94   1.73    2.3773E-01    5.3461E+01
  8930    431    148.0000    131.7986     4418.9540      671.2580    59.7130    87.5784    2.5461E+00    8.1352E-01    6.9000E-01      3513    658    416    284   1.74    2.1940E-01    4.2119E+01
  8912    431    152.0000    136.0181     4405.8160      580.6940    54.5600    87.5143    2.6007E+00    8.1643E-01    6.4500E-01      3495    661    414    234   1.71    1.9172E-01    3.4899E+01
  8897    429    155.0000    139.9537     4391.4930      319.0600    51.2670    87.8101    2.6503E+00    7.8351E-01    4.8000E-01      3523    656    379    105   1.71    2.5781E-01    5.5304E+01
  8886    427    159.0000    134.4091     4381.1370      439.0620    48.2430    87.6442    2.5797E+00    8.2030E-01    5.7000E-01      3477    647    413    174   1.72    2.3319E-01    1.6230E+01
  8879    427    162.0000    141.8025     4369.0660      425.3060    43.7430    87.7747    2.6722E+00    8.0203E-01    5.2500E-01      3490    594    372    145   1.68    2.8053E-01    4.7931E+01
  8869    426    166.0000    136.8357     4359.1980      620.6100    41.7660    87.5220    2.6092E+00    7.9543E-01    6.3000E-01      3436    655    405    250   1.71    2.2227E-01    4.4077E+01
  8860    425    169.0000    143.8256     4343.7560      545.7980    41.3720    87.2532    2.6957E+00    7.7805E-01    6.0000E-01      3502    613    381    215   1.69    2.1502E-01    4.1936E+01
  8853    423    173.0000    145.3500     4337.8580      550.1800    40.5370    87.2401    2.7148E+00    8.3103E-01    6.6000E-01      3504    602    409    248   1.67    2.3827E-01    3.1740E+01
  8838    423    176.0000    144.2512     4328.1900      519.6900    31.1720    87.4152    2.7017E+00    8.1941E-01    6.3000E-01      3452    598    380    194   1.66    2.7897E-01    2.9224E+01
  8825    420    180.0000    141.1796     4321.6940      734.6780    25.6590    87.0175    2.6642E+00    7.7258E-01    7.0500E-01      3437    566    333    276   1.67    2.8464E-01    2.4701E+01
  8815    418    183.0000    143.3009     4306.0110      512.2880    24.2000    86.8957    2.6894E+00    8.0088E-01    5.7000E-01      3456    613    408    194   1.68    2.5383E-01    5.1849E+01
  8806    417    187.0000    146.3175     4300.2760      337.3340    21.7810    87.0802    2.7274E+00    8.0348E-01    4.5000E-01      3446    599    376    102   1.66    2.2373E-01    4.7660E+01
  8802    417    190.0000    152.5519     4288.9480      384.4460    22.9600    86.0001    2.8026E+00    7.6844E-01    4.6500E-01      3472    575    346    102   1.65    2.5347E-01    4.6944E+01
  8795    415    193.0000    151.6669     4280.5960      527.3440    21.6840    85.4734    2.7912E+00    7.8747E-01    5.8500E-01      3468    596    359    187   1.64    2.4853E-01    4.1373E+01
  8791    413    197.0000    148.8465     4272.2810      510.2520    20.1740    86.2378    2.7555E+00    8.5508E-01    6.3000E-01      3380    551    376    195   1.63    2.4088E-01    3.0955E+01
  8790    413    200.0000    152.2694     4265.9870      467.4640    21.1750    84.2533    2.7964E+00    8.2855E-01    5.5500E-01      3439    545    359    164   1.65    2.4315E-01    3.3206E+01
  8783    414    204.0000    154.2005     4252.2500      644.9260    21.3170    86.2434    2.8182E+00    7.9677E-01    6.4500E-01      3453    592    363    246   1.64    2.4048E-01    2.9271E+01
  8777    412    207.0000    161.6723     4246.7450      533.4580    21.2500    86.8651    2.9085E+00    7.8202E-01    6.0000E-01      3413    557    347    189   1.60    2.4208E-01    5.7081E+01
  8762    413    211.0000    152.2230     4236.8110      501.3780    17.5820    85.2406    2.7946E+00    8.1835E-01    6.1500E-01      3423    576    381    190   1.68    2.4167E-01    4.6260E+01
  8743    411    214.0000    156.6042     4227.4020      212.1100    25.7370    85.9798    2.8495E+00    8.0401E-01    3.3000E-01      3433    581    365     50   1.86    2.0562E-01    6.1610E+01
  8732    411    218.0000    103.1756     4213.9460      651.5540    11.0310    64.7180    2.1568E+00    6.8993E-01    5.8500E-01      3515    828    389    264   2.90    2.0389E-01    4.8464E+01
  8733    410    221.0000    205.9975     4211.0540      363.9760     1.5560    64.3514    3.4188E+00    8.4466E-01    4.9500E-01      3387    506    358    106   2.27    2.7601E-01    5.1445E+01
  8729    410    225.0000    253.2031     4207.1720      258.8500    11.1530    83.0772    3.9228E+00    8.3501E-01    4.0500E-01      3361    473    345     72   2.00    2.7682E-01    5.0234E+01
  8718    409    228.0000    217.6444     4200.3180      210.7800    33.4270    85.0224    3.5470E+00    8.8738E-01    4.2000E-01      3379    457    352     62   1.98    2.6179E-01    4.0016E+01
  8692    408    232.0000    192.0438     4187.9030      169.1760   138.4620    86.2597    3.2656E+00    8.1407E-01    2.8500E-01      3308    488    333     40   2.01    1.8880E-01    5.4618E+01
  8639    403    235.0000    179.1184     4160.4500      109.4920   370.8580    86.0515    3.1217E+00    7.9418E-01    2.5500E-01      3025    477    312     21   1.96    2.3173E-01    5.4084E+01
  8559    400    239.0000    162.2524     4128.6200      176.7240   495.7670    85.8425    2.9309E+00    7.7370E-01    3.0000E-01      2871    504    301     40   1.95    1.9870E-01    5.2797E+01
  8325    386    242.0000    163.3416     4038.5200      602.3140   530.0250    85.6755    2.9702E+00    8.4171E-01    7.6500E-01      2756    441    293    234   1.88    3.0952E-01    3.9718E+01
  7904    368    245.0000    155.8169     3868.8770      455.4380   433.7760    84.5512    2.9247E+00    7.9842E-01    6.1500E-01      2662    444    275    154   1.70    2.4100E-01    4.0884E+01
  7561    349    249.0000    148.4237     3746.0700      405.2000   380.0130    83.3874    2.8747E+00    7.7726E-01    6.0000E-01      2626    428    263    145   1.60    2.6765E-01    3.4285E+01
  7303    338    252.0000    140.5364     3646.7270      471.0980   322.3720    82.7445    2.8034E+00    7.6993E-01    6.1500E-01      2515    434    265    166   1.54    2.6680E-01    3.1200E+01
  7127    330    256.0000    136.9845     3578.0250      332.6020   281.1130    82.1154    2.7778E+00    7.8794E-01    5.4000E-01      2486    449    278    118   1.50    2.6563E-01    4.8867E+01
  6972    322    259.0000    142.2818     3507.7170      376.8600   236.8980    81.5645    2.8666E+00    8.0621E-01    5.5500E-01      2471    406    263    124   1.43    2.4550E-01    3.4234E+01
  6866    319    263.0000    137.6576     3465.0070      385.9520   210.5070    81.2262    2.8178E+00    7.7118E-01    5.8500E-01      2395    425    257    135   1.42    2.8328E-01    3.7599E+01
  6770    316    266.0000    131.0856     3425.3510      425.5220   187.9940    80.9474    2.7393E+00    7.6738E-01    5.8500E-01      2418    434    271    147   1.45    2.4834E-01    3.8850E+01
  6681    313    270.0000    138.7678     3385.4200      377.1040   164.2790    80.6085    2.8561E+00    7.7437E-01    5.8500E-01      2459    420    245    126   1.43    2.5513E-01    5.2668E+01
  6609    309    273.0000    132.4985     3347.2420      395.1580   133.7110    80.2769    2.7765E+00    7.3950E-01    5.5500E-01      2377    444    256    141   1.43    2.4843E-01    3.5184E+01
  6546    308    277.0000    134.4421     3321.7630      261.6100   112.0060    80.1653    2.8120E+00    7.7594E-01    4.2000E-01      2389    428    258     73   1.42    2.3263E-01    4.1196E+01
  6502    306    280.0000    137.6752     3302.9680      456.7480   102.4190    79.9010    2.8628E+00    7.8541E-01    6.3000E-01      2358    412    261    175   1.40    2.7026E-01    2.8640E+01
  6462    306    284.0000    137.1976     3288.3740      483.8800    91.1890    79.6470    2.8622E+00    8.0537E-01    6.7500E-01      2402    440    279    190   1.41    2.7632E-01    3.2143E+01
  6428    304    287.0000    139.4945     3263.3720      409.5820    80.3510    79.6465    2.8956E+00    7.5281E-01    5.8500E-01      2369    440    253    147   1.39    2.6918E-01    3.2070E+01
  6396    303    290.0000    133.5463     3250.5520      512.6680    73.6890    79.4356    2.8171E+00    8.1946E-01    7.2000E-01      2339    383    272    208   1.39    2.8059E-01    3.4283E+01
  6374    302    294.0000    138.2521     3242.4020      521.7800    68.3520    79.3344    2.8863E+00    8.1445E-01    7.5000E-01      2307    439    266    220   1.39    3.0226E-01    2.4154E+01
  6350    302    297.0000    132.1348     3225.9000      443.4280    61.3470    79.2029    2.8019E+00    8.1110E-01    6.6000E-01      2357    399    257    157   1.42    3.2993E-01    3.8163E+01
  6334    301    301.0000    142.6450     3218.2770      440.7180    58.1380    79.1252    2.9506E+00    7.9236E-01    6.6000E-01      2346    404    251    167   1.38    2.6915E-01    3.0110E+01
  6312    300    304.0000    132.7758     3207.2220      377.8160    54.0560    78.4489    2.8153E+00    7.7650E-01    5.8500E-01      2307    432    260    138   1.41    2.6176E-01    3.3981E+01
  6296    297    308.0000    140.4005     3197.4790      344.1640    51.3250    78.8857    2.9234E+00    7.6472E-01    5.5500E-01      2348    436    255    116   1.39    2.6680E-01    4.3704E+01
  6279    295    311.0000    139.9259     3184.6550      432.3120    43.1340    78.7103    2.9175E+00    7.8693E-01    6.1500E-01      2322    428    262    159   1.37    2.5471E-01    2.0517E+01
  6272    294    315.0000    143.1223     3172.9990      467.7900    41.9500    78.5784    2.9601E+00    8.1574E-01    6.9000E-01      2331    416    267    185   1.36    3.0432E-01    2.2229E+01
  6261    294    318.0000    137.7918     3168.2370      448.1840    37.9630    78.7657    2.8876E+00    7.8206E-01    6.7500E-01      2316    403    249    166   1.37    3.1024E-01    4.6495E+01
  6252    294    322.0000    139.1788     3162.4190      285.3440    35.2320    78.1337    2.9076E+00    7.9050E-01    5.1000E-01      2287    377    244     88   1.37    2.6566E-01    3.3923E+01
  6248    293    325.0000    146.6590     3153.3600      249.9120    33.8020    78.4363    3.0091E+00    8.1727E-01    4.8000E-01      2351    378    251     80   1.36    2.7602E-01    4.3799E+01
  6238    294    329.0000    140.5560     3148.5340      287.6800    31.8270    78.6390    2.9263E+00    7.7709E-01    5.2500E-01      2311    393    242    102   1.37    2.6861E-01    2.7227E+01
  6233    294    332.0000    141.2764     3145.6830      430.3280    29.4990    78.1690    2.9368E+00    8.2415E-01    7.0500E-01      2298    365    239    160   1.36    2.7715E-01    4.8843E+01
  6232    293    335.0000    138.9977     3143.0420      268.1000    30.5970    78.0016    2.9046E+00    7.8992E-01    4.8000E-01      2278    434    266     84   1.37    2.4205E-01    4.7131E+01
  6228    293    339.0000    148.0896     3139.6710      306.6700    31.4700    78.0726    3.0299E+00    7.8860E-01    5.1000E-01      2309    394    245     99   1.35    2.4962E-01    5.5178E+01
  6219    293    342.0000    147.7530     3133.5780      279.1260    29.9230    77.7098    3.0259E+00    8.0347E-01    4.9500E-01      2314    430    258     97   1.35    2.5705E-01    3.7988E+01
  6213    293    346.0000    147.4114     3127.2570      264.5480    30.1790    78.1789    3.0209E+00    7.9713E-01    4.6500E-01      2303    416    270     85   1.35    2.4048E-01    5.2506E+01
  6209    291    349.0000    145.2403     3124.0990      213.2380    27.5420    78.3993    2.9913E+00    7.9628E-01    3.6000E-01      2292    411    256     57   1.36    2.5588E-01    4.1281E+01
  6201    291    353.0000    147.9744     3117.2180      269.3740    28.0110    77.6729    3.0288E+00    7.7581E-01    4.6500E-01      2308    396    250     84   1.35    2.5234E-01    3.1932E+01
  6191    290    356.0000    155.5345     3111.1720      297.1260    25.2570    77.8241    3.1320E+00    8.0383E-01    5.2500E-01      2317    387    256    107   1.34    2.3411E-01    5.1421E+01
  6180    290    360.0000    154.6576     3106.1430      262.8320    24.1270    78.2596    3.1217E+00    7.9260E-01    4.9500E-01      2311    392    246     80   1.34    2.4615E-01    4.6754E+01
  6171    288    363.0000    152.1842     3097.8510      430.1100    22.0310    77.2587    3.0882E+00    8.1074E-01    6.6000E-01      2305    381    256    160   1.36    3.3960E-01    2.9192E+01
  6155    288    367.0000    156.0974     3088.8600      306.7420    24.0440    73.8767    3.1427E+00    8.3402E-01    5.7000E-01      2296    388    269    114   1.39    2.6275E-01    4.3718E+01
  6138    286    370.0000    153.4069     3080.5740      462.1200    34.8040    77.7689    3.1086E+00    8.5358E-01    7.0500E-01      2299    337    256    174   1.64    2.9170E-01    4.4298E+01
  6127    284    374.0000    101.4248     3072.1300      425.9520    34.7380    73.2734    2.3595E+00    7.3760E-01    6.1500E-01      2274    496    274    171   2.23    2.5563E-01    4.8674E+01
  6118    286    377.0000    186.2437     3069.6140      260.7680    48.9020    77.9429    3.5403E+00    9.2579E-01    5.5500E-01      2283    299    257     95   1.85    2.9815E-01    4.3306E+01
  6089    285    381.0000    242.8096     3054.3920       88.4020    61.2970    77.5435    4.2297E+00    9.2560E-01    2.4000E-01      2193    270    235     17   1.56    2.4989E-01    4.7452E+01
  6054    282    384.0000    238.3029     3037.5830      150.8820    94.1270    77.5088    4.1835E+00    8.3363E-01    3.4500E-01      2166    304    232     35   1.45    2.8314E-01    5.7689E+01
  6005    277    387.0000    195.0039     3015.5440      273.4040   134.0340    77.3214    3.6684E+00    8.5594E-01    4.6500E-01      2119    304    235     78   1.42    2.8970E-01    5.3598E+01
  5931    273    391.0000    182.6275     2984.9950      183.6920   154.9760    77.1896    3.5249E+00    8.8779E-01    4.5000E-01      2080    291    237     59   1.36    2.5063E-01    5.0258E+01
  5866    269    394.0000    177.6659     2957.2020       91.4300   184.3920    76.8038    3.4721E+00    8.3016E-01    2.4000E-01      2022    320    230     14   1.35    2.8743E-01    5.3799E+01
  5799    265    398.0000    172.2815     2933.7890      109.3480   227.1270    76.8646    3.4153E+00    8.1006E-01    2.8500E-01      1960    299    207     25   1.32    2.6546E-01    4.9942E+01
  5709    261    401.0000    163.7831     2899.3990      154.5340   258.9640    76.5462    3.3191E+00    8.2711E-01    4.0500E-01      1910    289    210     43   1.30    2.9124E-01    2.8430E+01
  5633    254    405.0000    157.6683     2867.5460       80.1960   298.0550    76.2918    3.2493E+00    9.2191E-01    2.4000E-01      1843    253    208     14   1.24    2.8714E-01    4.9967E+01
  5527    251    408.0000    150.7353     2830.7310      142.8140   306.4590    75.9520    3.1746E+00    9.0309E-01    4.6500E-01      1827    271    217     41   1.22    3.2385E-01    5.0106E+01
  5439    246    412.0000    141.4287     2798.2960      499.9900   316.2100    75.6836    3.0592E+00    9.3894E-01    9.4500E-01      1736    266    237    240   1.22    3.9256E-01    2.7523E+01
  5367    241    415.0000    145.9315     2766.2460      392.4840   320.8450    75.3946    3.1359E+00    9.1082E-01    8.7000E-01      1696    251    208    177   1.17    3.3870E-01    2.8469E+01
  5278    240    419.0000    143.2913     2730.2810      418.8320   313.3670    75.0442    3.1146E+00    8.7293E-01    8.1000E-01      1705    253    192    158   1.17    3.8955E-01    4.2098E+01
  5183    236    422.0000    150.0052     2693.9350      610.2460   303.7950    74.7164    3.2306E+00    1.0281E+00    1.1550E+00      1673    210    223    287   1.18    4.5054E-01    2.0881E+01
  5090    232    426.0000    149.7405     2654.7950      454.9140   286.2540    74.3146    3.2450E+00    1.0080E+00    9.9000E-01      1662    224    226    217   1.10    4.5326E-01    2.3458E+01
  5006    229    429.0000    150.1585     2624.1120      330.0020   266.7590    74.1146    3.2698E+00    9.6135E-01    8.2500E-01      1656    231    210    145   1.10    4.2068E-01    3.0952E+01
  4927    228    432.0000    140.5063     2594.0270      466.5920   247.4220    73.7936    3.1450E+00    1.0330E+00    1.0200E+00      1607    206    222    218   1.10    4.1141E-01    2.8370E+01
  4849    224    436.0000    133.5074     2560.9100      415.8860   218.2380    73.4313    3.0547E+00    9.8414E-01    9.3000E-01      1527    242    232    202   1.11    3.8647E-01    2.2434E+01
  4793    224    439.0000    141.4621     2542.0780      381.2080   203.1860    73.2692    3.1884E+00    9.4629E-01    8.5500E-01      1609    228    207    166   1.12    3.6839E-01    1.9151E+01
  4720    224    443.0000    141.9885     2508.5650      315.2020   178.4910    72.9477    3.2106E+00    9.1420E-01    7.3500E-01      1612    229    196    131   1.11    4.0403E-01    3.2896E+01
  4669    223    446.0000    145.6277     2484.9700      295.8580   157.0640    72.5791    3.2755E+00    9.6265E-01    7.6500E-01      1565    230    208    128   1.08    4.2399E-01    1.9424E+01
  4606    220    450.0000    137.1847     2461.9960      421.5500   136.8080    72.3666    3.1626E+00    9.8709E-01    9.4500E-01      1536    207    196    173   1.09    3.7262E-01    2.6261E+01
  4564    218    453.0000    132.8295     2447.7730      486.1220   127.2850    72.3061    3.1058E+00    9.8292E-01    1.0050E+00      1554    206    202    206   1.10    3.9050E-01    2.4392E+01
  4519    216    457.0000    138.5411     2429.5940      313.7700   114.5280    72.0586    3.2045E+00    9.6241E-01    7.6500E-01      1567    201    185    113   1.09    3.7267E-01    4.2655E+01
  4492    215    460.0000    141.6961     2415.8940      175.1900   107.5280    71.9607    3.2581E+00    9.8140E-01    5.4000E-01      1562    203    194     53   1.08    3.4762E-01    5.1785E+01
  4455    214    464.0000    133.6134     2396.6020      342.7220    93.6810    71.7998    3.1396E+00    8.7904E-01    7.2000E-01      1523    231    172    116   1.09    3.7037E-01    3.0311E+01
  4416    212    467.0000    137.8824     2382.7340      278.1320    79.8650    71.5552    3.2162E+00    8.8218E-01    6.6000E-01      1547    233    186    100   1.09    3.1004E-01    4.3043E+01
  4398    210    471.0000    146.8059     2375.0770      122.4600    73.0510    71.4818    3.3579E+00    8.9968E-01    4.0500E-01      1603    224    184     31   1.09    3.3740E-01    4.7005E+01
  4374    208    474.0000    137.7603     2364.0060      184.6760    68.0470    71.4923    3.2236E+00    8.4947E-01    4.9500E-01      1528    253    186     62   1.10    3.2594E-01    4.4296E+01
  4350    207    478.0000    136.8118     2357.1520      126.4580    64.0150    71.2314    3.2159E+00    8.5933E-01    4.2000E-01      1534    250    185     31   1.10    3.4628E-01    5.1263E+01
  4334    206    481.0000    138.7884     2350.4420       86.9420    59.5740    71.3315    3.2507E+00    8.2172E-01    2.4000E-01      1543    256    170     14   1.10    2.7789E-01    5.0429E+01
  4317    205    484.0000    140.9888     2340.4990      124.3720    54.8710    71.1713    3.2877E+00    7.7122E-01    3.4500E-01      1550    247    167     30   1.10    2.8240E-01    4.6322E+01
  4302    205    488.0000    148.3044     2329.4110      117.4360    50.4140    71.1935    3.4019E+00    8.6339E-01    3.4500E-01      1557    241    179     27   1.09    2.7283E-01    5.2066E+01
  4291    205    491.0000    147.6924     2323.0440      129.9460    50.9320    70.6852    3.3945E+00    8.7244E-01    3.7500E-01      1557    236    180     38   1.08    2.7788E-01    4.6989E+01
  4276    203    495.0000    146.6606     2318.8460      150.4740    50.1000    70.2592    3.3835E+00    8.1594E-01    3.6000E-01      1538    222    157     35   1.08    2.7056E-01    5.4922E+01
  4263    204    498.0000    147.0731     2316.3230      225.7560    51.1800    70.9789    3.3945E+00    9.5474E-01    6.4500E-01      1568    205    182     74   1.12    3.9312E-01    2.8647E+01
  4252    203    502.0000    150.3181     2308.7540      241.0180    50.3240    70.9137    3.4457E+00    9.2592E-01    6.6000E-01      1542    207    175     76   1.07    3.8163E-01    5.1527E+01
  4241    203    505.0000    148.7471     2304.7120      212.4640    51.9470    70.8014    3.4247E+00    8.5644E-01    6.0000E-01      1539    241    177     67   1.07    3.7197E-01    4.4764E+01
  4227    202    509.0000    145.2530     2298.2600      311.0640    49.3750    70.6744    3.3742E+00    9.1665E-01    7.3500E-01      1524    224    181    109   1.08    4.0304E-01    4.5229E+01
  4213    202    512.0000    151.5500     2290.3120      231.6060    46.1240    70.7436    3.4736E+00    9.3823E-01    6.7500E-01      1548    199    179     79   1.08    4.1070E-01    3.2034E+01
  4198    200    516.0000    150.7600     2284.2990      128.3880    44.2140    70.4901    3.4656E+00    9.4655E-01    3.9000E-01      1551    215    194     32   1.11    3.1195E-01    5.1160E+01
  4178    200    519.0000    139.6925     2275.8830       70.3680    44.6140    69.8447    3.2989E+00    9.2528E-01    1.9500E-01      1500    219    189     11   1.18    3.4982E-01    4.4655E+01
  4153    200    523.0000    135.1983     2268.0880      205.5220    45.6560    70.5362    3.2353E+00    8.9568E-01    5.1000E-01      1489    230    173     62   1.44    3.1237E-01    4.3372E+01
  4127    199    526.0000     87.1992     2252.1360      126.6660    32.0030    66.5669    2.4182E+00    7.1980E-01    3.4500E-01      1518    337    179     29   2.48    2.7765E-01    5.0559E+01
  4127    199    529.0000    135.5072     2252.1290       81.2280    20.5930    59.0784    3.2443E+00    9.1023E-01    2.1000E-01      1529    212    177     14   2.11    2.6752E-01    4.7137E+01
  4124    199    533.0000    266.6778     2250.8200      103.4400    24.2730    67.1348    5.0961E+00    1.0642E+00    3.3000E-01      1533    145    163     21   1.76    3.2225E-01    4.9235E+01
  4117    199    536.0000    362.2767     2248.9790      174.9780    55.7390    69.8559    6.2553E+00    8.4541E-01    4.2000E-01      1480    203    160     44   1.61    2.9217E-01    4.9227E+01
  4103    198    540.0000    380.6530     2244.7270       96.7360   116.9290    69.8272    6.4737E+00    8.7454E-01    3.0000E-01      1424    189    157     20   1.54    2.9295E-01    4.8368E+01
  4063    197    543.0000    289.2953     2227.9440       75.9620   187.7240    70.0800    5.4083E+00    9.0487E-01    2.4000E-01      1348    165    141     12   1.47    2.9553E-01    5.0947E+01
  4010    196    547.0000    203.5000     2206.4880       84.2080   287.3860    69.5691    4.2963E+00    8.3219E-01    1.9500E-01      1268    177    142     13   1.44    2.9170E-01    5.2242E+01
  3923    193    550.0000    155.4849     2174.1460      101.4640   390.1670    69.2300    3.6185E+00    9.0510E-01    3.9000E-01      1126    161    131     22   1.40    3.8220E-01    4.7546E+01
  3797    189    554.0000    128.0898     2125.1160      269.5040   473.0950    69.0856    3.2157E+00    8.6519E-01    7.6500E-01      1021    158    114     92   1.33    4.1666E-01    4.8749E+01
  3641    186    557.0000    125.5940     2059.1290      244.0940   501.3880    68.4261    3.2173E+00    1.0545E+00    9.3000E-01       993    130    145    111   1.28    4.4360E-01    2.2397E+01
  3454    183    561.0000    130.3182     1991.2050      180.7820   495.9430    67.6860    3.3612E+00    9.7727E-01    8.2500E-01       921    119    118     78   1.20    4.9157E-01    2.2522E+01
  3226    171    564.0000    112.4181     1899.5200      283.0380   466.5440    66.5790    3.1183E+00    9.3099E-01    9.3000E-01       827    128    107    106   1.13    4.6611E-01    3.1158E+01
  3013    160    568.0000    103.3130     1807.1550      210.1700   408.6780    65.6062    3.0147E+00    9.5209E-01    8.5500E-01       798    122    107     79   1.03    4.9700E-01    2.8612E+01
  2797    147    571.0000    101.8142     1682.0960      223.8080   309.2060    64.0970    3.0417E+00    1.0276E+00    9.4500E-01       800    109    120     99   0.95    4.3766E-01    2.0285E+01
  2663    140    575.0000    100.5334     1629.8960      197.0840   268.5450    63.2204    3.0695E+00    8.9324E-01    7.8000E-01       767    127    101     68   0.91    4.4572E-01    3.1393E+01
  2542    131    578.0000     91.2975     1571.0650      176.7300   224.0450    62.5290    2.9199E+00    9.4864E-01    7.5000E-01       744    125    111     69   0.90    5.1234E-01    3.2150E+01
  2450    128    581.0000     83.0746     1530.9690      186.7380   196.4840    61.9017    2.7761E+00    8.1265E-01    6.7500E-01       730    154    106     73   0.91    3.7966E-01    2.7542E+01
  2372    122    585.0000     88.8863     1492.2510      281.9720   167.3820    61.4122    2.9330E+00    9.6324E-01    9.9000E-01       749    116    107    113   0.88    5.0026E-01    2.8914E+01
  2306    122    588.0000     87.3195     1456.5260      209.9560   141.0840    60.8192    2.9216E+00    9.3557E-01    8.5500E-01       729    125    106     83   0.87    4.7371E-01    2.7459E+01
  2265    121    592.0000     81.1609     1432.1300      206.2880   121.4850    60.5417    2.7953E+00    9.2733E-01    7.9500E-01       710    133    106     81   0.86    4.4247E-01    2.1794E+01
  2233    122    595.0000     84.2233     1419.6020      162.1860   112.6060    60.3435    2.8801E+00    8.0098E-01    6.6000E-01       702    141     97     53   0.85    4.5931E-01    3.4041E+01
  2191    120    599.0000     83.0237     1401.8640      220.8180   101.2520    60.1215    2.8715E+00    9.0515E-01    8.2500E-01       731    120     98     80   0.85    4.5006E-01    3.1257E+01
  2158    120    602.0000     80.8988     1389.2330      193.2420    91.4140    59.8005    2.8382E+00    7.6296E-01    6.4500E-01       702    152     93     70   0.87    3.9790E-01    3.1021E+01
  2133    115    606.0000     79.4331     1374.3550      307.7980    81.3210    59.4962    2.8123E+00    8.9175E-01    9.7500E-01       684    137    107    128   0.86    4.3863E-01    2.5824E+01
  2119    117    609.0000     84.4587     1368.3080      243.9320    75.9880    59.4094    2.9364E+00    8.7937E-01    8.4000E-01       701    132    100     95   0.85    4.9589E-01    2.1562E+01
  2106    117    613.0000     80.6424     1363.0430      250.6080    72.7270    58.8146    2.8535E+00    8.6907E-01    8.4000E-01       703    134     99     91   0.85    4.9473E-01    3.0209E+01
  2093    117    616.0000     82.6011     1358.5710      240.7200    70.8140    59.2656    2.9066E+00    8.3151E-01    8.1000E-01       688    153    102     95   0.85    4.1245E-01    3.2456E+01
  2079    115    620.0000     79.2970     1353.2450      199.7160    66.5620    59.0843    2.8356E+00    8.6451E-01    7.2000E-01       678    135    100     72   0.85    4.3299E-01    3.3947E+01
  2073    116    623.0000     75.1450     1351.3260      184.3200    66.2150    59.2995    2.7390E+00    7.4549E-01    6.1500E-01       690    160     91     63   0.89    3.3268E-01    2.8338E+01
  2062    116    626.0000     79.3345     1346.5900      207.2060    61.7230    59.1816    2.8451E+00    8.1669E-01    7.6500E-01       689    152     94     78   0.87    4.7367E-01    2.5286E+01
  2046    114    630.0000     85.1680     1338.1010      152.8480    53.4600    58.6140    2.9898E+00    8.0111E-01    6.4500E-01       690    140     90     57   0.85    4.4308E-01    2.7322E+01
  2039    114    633.0000     83.1609     1329.2370      207.7160    49.5790    58.9531    2.9418E+00    7.9686E-01    7.3500E-01       681    148     97     81   0.86    4.5477E-01    3.3348E+01
  2031    114    637.0000     80.8812     1322.8950      241.5140    45.5940    58.8222    2.8897E+00    8.1667E-01    7.9500E-01       677    147     99     95   0.85    4.2489E-01    2.7886E+01
  2022    113    640.0000     82.8746     1317.5840      217.7760    42.2240    58.6669    2.9404E+00    7.8050E-01    7.3500E-01       673    159     93     78   0.85    4.3776E-01    2.6832E+01
  2012    113    644.0000     83.8278     1311.9030      132.9000    40.2560    57.2662    2.9670E+00    8.0978E-01    5.5500E-01       693    140     93     43   0.85    3.7905E-01    3.4211E+01
  2009    112    647.0000     82.2146     1310.5340      199.4980    39.0550    57.9324    2.9303E+00    8.3511E-01    7.5000E-01       682    141     96     73   0.84    4.4693E-01    2.5149E+01
  2001    112    651.0000     84.5408     1306.8190      178.5680    35.2240    58.5425    2.9892E+00    7.6442E-01    6.6000E-01       683    154     98     70   0.84    3.9561E-01    2.3362E+01
  1996    112    654.0000     83.4240     1301.9590      144.7500    32.3020    58.1085    2.9633E+00    7.8559E-01    6.3000E-01       663    145     95     48   0.83    4.8805E-01    3.1263E+01
  1990    112    658.0000     82.9195     1298.4340      173.3920    31.6870    57.7712    2.9538E+00    7.3966E-01    6.0000E-01       684    164     90     57   0.86    4.0279E-01    3.0817E+01
  1981    111    661.0000     81.3980     1293.6740      137.8400    27.0730    58.2851    2.9214E+00    7.9888E-01    6.1500E-01       692    140     91     49   0.85    4.2861E-01    2.6936E+01
  1972    111    665.0000     80.8362     1289.7430      207.3100    23.9860    58.0156    2.9125E+00    7.4652E-01    6.9000E-01       672    150     90     76   0.85    4.1895E-01    2.6750E+01
  1968    110    668.0000     81.9411     1288.1760      197.2480    23.0390    58.4029    2.9412E+00    7.5399E-01    6.3000E-01       686    155     87     66   0.86    3.6659E-01    3.3941E+01
  1964    110    671.0000     82.3178     1287.1790      150.7200    25.0570    58.0375    2.9529E+00    6.8775E-01    5.7000E-01       676    170     87     50   0.86    3.5707E-01    2.8540E+01
  1960    110    675.0000     85.1521     1285.6680       73.5040    24.8990    57.9002    3.0226E+00    7.0418E-01    4.0500E-01       666    162     89     26   0.85    3.4447E-01    2.9116E+01
  1955    110    678.0000     81.5332     1281.7940      187.6740    25.4830    58.1524    2.9376E+00    6.3438E-01    5.5500E-01       681    168     87     60   0.87    3.4768E-01    3.0741E+01
  1950    110    682.0000     83.5534     1279.0180      174.6200    24.9240    57.8898    2.9881E+00    6.9624E-01    5.7000E-01       680    162     86     60   0.86    3.4329E-01    2.7438E+01
  1945    110    685.0000     83.5004     1275.7620      145.1260    25.9100    57.4373    2.9886E+00    7.5681E-01    5.5500E-01       672    151     84     49   0.85    3.6890E-01    2.8761E+01
  1940    110    689.0000     89.0097     1274.1770      102.9660    25.0150    58.1036    3.1220E+00    6.9935E-01    3.6000E-01       670    151     88     30   0.84    2.9614E-01    3.3738E+01
  1934    110    692.0000     87.8617     1270.7760      111.3280    24.5810    57.0187    3.0977E+00    6.9249E-01    4.6500E-01       673    156     88     39   0.83    3.4108E-01    2.9818E+01
  1931    110    696.0000     86.4732     1269.6350      185.5680    24.4220    57.8337    3.0668E+00    6.9417E-01    6.0000E-01       670    167     85     61   0.85    3.2317E-01    3.2338E+01
  1928    110    699.0000     83.0859     1267.3650      109.8980    22.5920    57.6265    2.9870E+00    6.5295E-01    3.9000E-01       661    157     82     35   0.86    3.0383E-01    3.0306E+01
  1921    110    703.0000     79.6151     1263.4230       92.8620    20.0940    58.0314    2.9062E+00    6.5192E-01    3.0000E-01       659    163     83     24   0.88    2.6417E-01    4.0010E+01
  1913    109    706.0000     88.1056     1257.8460       76.9380    20.5500    56.5470    3.1121E+00    7.1088E-01    3.0000E-01       679    147     88     23   0.87    2.7465E-01    3.2283E+01
  1910    109    710.0000     90.8356     1255.3870       76.5180    20.1380    57.8246    3.1768E+00    6.6207E-01    3.1500E-01       681    154     91     26   0.88    2.9347E-01    3.0646E+01
  1899    109    713.0000     90.1132     1248.9250       95.8200    20.7450    57.5130    3.1648E+00    6.8336E-01    4.0500E-01       672    163     92     29   0.93    3.2248E-01    3.5225E+01
  1885    108    717.0000     84.8473     1240.1430       94.8360    22.6340    57.5326    3.0459E+00    5.5848E-01    3.3000E-01       658    164     82     31   1.22    2.8147E-01    2.9662E+01
  1878    106    720.0000     49.3820     1230.1980      131.9100    24.5050    55.6315    2.1220E+00    5.5944E-01    3.6000E-01       675    227     85     44   1.99    2.6684E-01    2.9861E+01
  1876    107    723.0000     88.5627     1231.1950       59.9400    27.9810    57.2766    3.1351E+00    6.5174E-01    2.1000E-01       641    139     80     15   1.72    2.2797E-01    3.5155E+01
  1847    107    727.0000    163.0114     1221.9980       34.3380    41.9830    57.0538    4.7385E+00    7.1792E-01    1.8000E-01       643    113     76      9   1.43    2.4851E-01    3.7335E+01
  1826    106    730.0000    218.1573     1213.1050       51.8320    67.1840    57.1556    5.7777E+00    7.1015E-01    2.2500E-01       627    127     77     14   1.32    2.5827E-01    3.5950E+01
  1790    104    734.0000    227.6490     1196.3230       44.9560    96.3470    56.5230    5.9836E+00    6.3151E-01    2.4000E-01       605    110     69     11   1.19    3.1302E-01    3.6958E+01
  1746    103    737.0000    188.8655     1179.7170       23.8620   127.5330    56.3106    5.3330E+00    7.0920E-01    1.2000E-01       569    109     72      7   1.09    2.1664E-01    3.3987E+01
  1708    101    741.0000    141.4094     1163.0960       59.2380   153.5860    56.3964    4.4313E+00    6.4840E-01    2.5500E-01       533    125     66     16   1.02    2.8976E-01    3.6542E+01
  1657     99    744.0000    101.8296     1136.4190       67.9680   185.5850    55.9960    3.5936E+00    4.8108E-01    2.4000E-01       499    121     57     17   0.96    2.8576E-01    3.8858E+01
  1602     96    748.0000     88.3371     1111.2600       37.0480   205.6280    55.3525    3.3067E+00    5.9419E-01    1.8000E-01       462    115     60      9   0.90    3.1499E-01    3.3884E+01
  1549     94    751.0000     76.0721     1089.7740       51.6620   229.4750    55.2877    3.0306E+00    5.9071E-01    2.1000E-01       426    119     62     15   0.87    2.6375E-01    3.2786E+01
  1492     91    755.0000     69.9318     1062.0480       60.0160   237.4450    54.8911    2.9013E+00    6.2611E-01    2.4000E-01       401    118     54     18   0.82    2.4894E-01    3.3545E+01
  1425     90    758.0000     63.3586     1035.7450       64.8220   238.4490    54.3856    2.7643E+00    5.3533E-01    2.5500E-01       392    114     50     19   0.79    2.5577E-01    3.4706E+01
  1373     87    762.0000     61.5517     1010.8550       82.8680   231.9710    53.9282    2.7464E+00    4.6338E-01    3.4500E-01       379    127     49     28   0.77    3.2065E-01    2.9869E+01
  1309     85    765.0000     56.8758      976.3600       56.1160   214.8480    53.2920    2.6453E+00    5.0512E-01    2.4000E-01       372    107     45     16   0.75    2.6846E-01    3.6088E+01
  1264     83    768.0000     56.6046      950.6800       38.1920   205.4990    52.8524    2.6653E+00    4.2923E-01    1.8000E-01       356    110     46     12   0.72    2.4980E-01    3.2067E+01
  1210     81    772.0000     53.6709      918.0570       49.2460   181.9410    52.2202    2.6054E+00    4.4573E-01    1.8000E-01       340    120     43     15   0.72    2.0816E-01    3.4461E+01
  1159     79    775.0000     47.4792      879.4120       23.9280   150.3780    51.3755    2.4244E+00    4.1727E-01    9.0000E-02       338    126     44      7   0.75    2.3956E-01    3.4437E+01
  1137     79    779.0000     57.5541      867.3150       45.5700   145.0100    51.0739    2.7731E+00    4.3514E-01    2.7000E-01       343    115     43     13   0.75    3.2010E-01    3.5773E+01
  1104     77    782.0000     59.8585      849.8890       73.0220   135.6470    50.9177    2.8742E+00    4.6515E-01    2.7000E-01       340    116     45     22   0.71    2.5265E-01    3.4613E+01
  1080     76    786.0000     56.9454      836.8070       31.1380   130.2850    50.4601    2.7999E+00    5.2456E-01    9.0000E-02       324     94     42      7   0.65    2.6706E-01    3.8019E+01
  1060     75    789.0000     50.1605      827.5060       20.9000   125.3330    50.3249    2.5901E+00    4.6483E-01    7.5000E-02       320     96     41      5   0.67    2.4589E-01    4.0556E+01
  1036     74    793.0000     52.3528      812.8380       33.9600   113.0720    50.0302    2.6832E+00    5.6236E-01    1.5000E-01       321     81     44      7   0.68    3.6746E-01    3.6619E+01
  1014     73    796.0000     54.4202      797.9670       20.4160   100.8480    49.7097    2.7693E+00    5.2229E-01    1.2000E-01       313     77     38      4   0.67    3.0492E-01    4.1792E+01
   997     70    800.0000     56.2514      784.5740       17.1440    92.5420    49.4694    2.8417E+00    6.0641E-01    6.0000E-02       312     92     41      4   0.63    3.6359E-01    3.3637E+01
   979     69    803.0000     60.6248      771.3200      117.3780    86.3630    49.1852    3.0004E+00    7.1443E-01    6.3000E-01       309     77     46     38   0.61    4.6711E-01    3.2664E+01
   967     67    807.0000     61.4726      762.2840      115.0560    80.8260    48.5859    3.0372E+00    7.6188E-01    6.7500E-01       322     66     45     39   0.59    5.4351E-01    3.2750E+01
   960     67    810.0000     57.4363      756.8680       62.6300    76.9980    48.5571    2.9075E+00    7.0119E-01    4.6500E-01       320     73     44     21   0.61    4.5286E-01    3.0443E+01
   952     68    814.0000     54.8757      751.8590       53.1760    72.5170    48.8144    2.8273E+00    6.6196E-01    3.1500E-01       304     74     42     13   0.61    3.6932E-01    3.4539E+01
   935     67    817.0000     59.1266      740.4220        8.6500    63.2950    48.2009    2.9860E+00    8.4014E-01    4.5000E-02       308     61     44      2   0.60    4.4830E-01    3.6406E+01
   931     67    820.0000     58.7937      734.5740       95.2260    62.0770    47.9204    2.9740E+00    8.5425E-01    6.6000E-01       316     58     44     29   0.59    5.3318E-01    3.7859E+01
   923     67    824.0000     56.8508      728.7560      107.9480    55.3770    48.2754    2.9143E+00    6.9227E-01    5.8500E-01       313     84     46     35   0.61    4.7791E-01    2.9523E+01
   914     67    827.0000     56.7020      723.5220       65.2740    50.9370    47.9793    2.9181E+00    7.6031E-01    4.9500E-01       314     65     44     19   0.60    5.0295E-01    3.4888E+01
   908     67    831.0000     61.9697      719.8280       54.2560    48.6740    47.6435    3.1021E+00    6.6767E-01    4.0500E-01       320     75     41     14   0.60    4.5354E-01    3.4947E+01
   903     67    834.0000     64.4117      714.6410       74.9940    46.7470    47.0159    3.1851E+00    7.2765E-01    5.5500E-01       317     85     47     26   0.59    4.4027E-01    3.0632E+01
   900     67    838.0000     64.5059      713.6890       27.4240    45.8010    47.9301    3.1927E+00    8.3664E-01    1.5000E-01       310     68     49      6   0.58    4.0117E-01    3.5544E+01
   895     67    841.0000     62.2658      710.9190       64.0740    43.7680    47.8851    3.1239E+00    7.5531E-01    4.0500E-01       305     71     46     19   0.59    4.7036E-01    3.3753E+01
   890     67    845.0000     56.7879      708.5150       98.3320    40.5900    47.6135    2.9437E+00    6.8575E-01    5.4000E-01       301     74     42     31   0.60    4.1466E-01    3.1627E+01
   888     67    848.0000     60.5077      707.8260      100.9760    39.7000    47.4064    3.0737E+00    7.8270E-01    7.3500E-01       308     67     40     30   0.58    6.2359E-01    3.5712E+01
   883     67    852.0000     63.0897      705.2900       80.7760    37.1050    47.5954    3.1666E+00    6.3433E-01    3.6000E-01       313     83     40     21   0.60    3.2190E-01    3.8274E+01
   881     67    855.0000     59.4937      705.0130       65.1940    41.6070    47.6978    3.0486E+00    7.0258E-01    4.5000E-01       305     72     41     17   0.59    5.0383E-01    3.7749E+01
   874     66    859.0000     59.0108      702.4850       54.0660    41.3070    47.5165    3.0418E+00    6.8747E-01    3.9000E-01       309     74     40     15   0.58    4.5347E-01    3.5610E+01
   869     65    862.0000     66.5040      699.8570       39.5260    41.4290    47.1941    3.3005E+00    7.6753E-01    2.2500E-01       311     69     41     11   0.68    4.0260E-01    3.3325E+01
   866     64    865.0000     69.2449      694.9530       52.8360    39.2820    47.2566    3.3891E+00    6.5419E-01    3.0000E-01       315     70     42     13   0.58    4.1513E-01    3.7301E+01
   863     64    869.0000     73.9447      693.9420       66.8100    40.0740    47.1865    3.5458E+00    8.5288E-01    5.8500E-01       318     61     46     19   0.56    5.9143E-01    3.4714E+01
   856     63    872.0000     72.2157      688.9490       33.5200    40.5250    47.2761    3.4976E+00    5.8148E-01    2.7000E-01       301     77     38      8   0.57    4.0222E-01    3.9019E+01
   853     63    876.0000     66.3415      688.4860       44.4960    40.6930    46.5950    3.3110E+00    7.7988E-01    3.4500E-01       293     58     39     10   0.56    4.7706E-01    4.2088E+01
   851     63    879.0000     59.6230      684.9950       70.4940    40.1310    47.0915    3.0823E+00    6.6959E-01    4.9500E-01       296     67     39     18   0.58    5.3708E-01    3.7090E+01
   848     63    883.0000     64.5870      681.9510       43.9840    37.2570    46.5966    3.2526E+00    7.1468E-01    2.7000E-01       310     71     42     11   0.59    3.8320E-01    3.8418E+01
   846     63    886.0000     68.5481      680.6340       70.4700    35.8340    46.1115    3.3865E+00    6.1223E-01    4.3500E-01       302     80     41     21   0.59    4.2416E-01    3.3327E+01
   842     62    890.0000     64.9542      674.7050       48.1480    33.1010    46.4046    3.2660E+00    6.8046E-01    3.4500E-01       294     70     42     13   0.58    4.2299E-01    3.9610E+01
   841     61    893.0000     63.9231      672.1950       54.0980    32.4670    46.0475    3.2295E+00    6.5895E-01    3.4500E-01       299     61     38     13   0.57    4.2914E-01    3.7615E+01
   840     61    897.0000     68.3338      667.8390       72.6700    33.0730    46.3080    3.3713E+00    7.5481E-01    6.0000E-01       302     69     41     23   0.58    4.9706E-01    3.3130E+01
   838     61    900.0000     70.6038      667.2710       61.4180    32.5090    45.5631    3.4491E+00    8.3756E-01    4.5000E-01       307     64     42     18   0.56    4.6640E-01    3.5101E+01
   838     61    904.0000     76.4996      667.2680       54.4840    32.4000    46.6198    3.6385E+00    7.7805E-01    4.2000E-01       302     74     45     18   0.57    4.4177E-01    2.9276E+01
   837     61    907.0000     73.4025      666.8790       75.5800    33.2460    46.8368    3.5413E+00    7.9265E-01    6.4500E-01       306     65     44     24   0.55    5.5875E-01    3.0522E+01
   835     61    911.0000     69.1635      665.2680       50.6860    33.2350    46.7653    3.4054E+00    5.6352E-01    3.7500E-01       289     76     40     17   0.58    3.9419E-01    2.9752E+01
   827     59    914.0000     62.3152      659.3290       77.7780    30.0450    46.4306    3.1841E+00    7.5604E-01    5.5500E-01       290     65     42     25   0.56    4.7635E-01    2.9584E+01
   824     59    917.0000     72.6362      658.5960       65.2760    29.1130    45.6333    3.5324E+00    7.5357E-01    4.6500E-01       290     70     44     19   0.54    5.1374E-01    3.2792E+01
   823     59    921.0000     73.3503      657.3620       69.8320    30.8060    45.8998    3.5557E+00    6.8011E-01    4.9500E-01       298     67     43     21   0.55    4.5343E-01    3.2961E+01
   819     59    924.0000     67.6558      655.7560       64.5660    28.3410    45.5351    3.3755E+00    7.7352E-01    4.2000E-01       304     66     39     18   0.72    4.2584E-01    3.4537E+01
   815     59    928.0000     71.2069      653.7570      101.3600    29.3810    43.9547    3.4985E+00    8.0139E-01    7.3500E-01       308     61     45     36   0.56    5.9651E-01    2.8542E+01
   814     59    931.0000     70.3018      653.2150       42.3320    29.7610    44.7141    3.4701E+00    8.4618E-01    3.6000E-01       301     66     49     14   0.57    5.1328E-01    2.6276E+01
   814     59    935.0000     65.4574      653.2100       28.5800    36.2240    45.9867    3.3088E+00    9.2785E-01    3.3000E-01       292     52     46      9   0.55    5.5863E-01    2.9240E+01
   809     59    938.0000     69.0610      650.6760       72.0160    34.3810    45.4763    3.4364E+00    8.9724E-01    6.1500E-01       280     50     46     23   0.55    5.7878E-01    3.2592E+01
   807     59    942.0000     67.9738      649.7380       44.9140    36.7290    46.3325    3.4032E+00    8.0603E-01    4.2000E-01       275     65     43     15   0.55    4.7879E-01    3.1530E+01
   804     59    945.0000     71.1624      648.8470       31.5420    35.9000    46.4159    3.5145E+00    8.0905E-01    4.5000E-01       282     61     44     11   0.56    4.8204E-01    2.7356E+01
   800     57    949.0000     71.5051      643.5880       26.6020    33.5890    45.0919    3.5259E+00    8.1752E-01    4.3500E-01       285     53     45     11   0.56    5.6060E-01    2.7090E+01
   798     57    952.0000     74.8921      640.4080       80.4800    36.2690    45.8393    3.6353E+00    8.6154E-01    6.6000E-01       287     54     43     30   0.59    5.2205E-01    2.6117E+01
   790     57    956.0000     75.7216      636.1270       42.0100    35.5830    46.1847    3.6743E+00    6.9469E-01    3.9000E-01       286     62     44     15   0.64    4.5988E-01    2.8728E+01
   782     57    959.0000     71.0647      633.8060       93.7880    39.3390    46.1127    3.5376E+00    1.0085E+00    8.1000E-01       279     44     45     33   0.81    6.1764E-01    2.5550E+01
   759     56    962.0000     60.3835      618.2690       38.4860    39.9840    43.8018    3.1995E+00    7.2878E-01    4.3500E-01       268     69     39     12   1.28    5.0484E-01    2.9738E+01
   748     56    966.0000     30.5499      612.6980      125.1800    32.6280    41.3873    2.0417E+00    5.9582E-01    6.3000E-01       279    108     42     45   2.08    4.6564E-01    3.0713E+01
   748     56    969.0000     57.1958      612.6920      102.4100    23.7040    40.0524    3.1014E+00    8.9479E-01    7.8000E-01       267     53     46     37   1.78    6.1764E-01    2.9806E+01
   744     56    973.0000     96.1015      611.2900       57.1640    34.7490    45.5844    4.3929E+00    9.7572E-01    6.4500E-01       257     48     42     21   1.53    6.2891E-01    2.6934E+01
   724     55    976.0000    124.4868      600.5560       59.6640    53.1300    44.0605    5.2677E+00    9.5058E-01    6.1500E-01       250     38     36     19   1.24    6.1513E-01    3.1335E+01
   700     53    980.0000    131.2533      590.2080       32.2140    81.0210    44.7703    5.5266E+00    7.6456E-01    3.7500E-01       225     48     36     10   1.04    5.4921E-01    2.9974E+01
   683     51    983.0000    124.9996      582.5420       62.4340   113.8050    44.8507    5.3986E+00    7.9386E-01    6.3000E-01       203     41     29     18   0.94    6.7631E-01    3.5197E+01
   665     51    987.0000    106.2503      572.6220       54.1280   130.4470    44.4421    4.8876E+00    7.7002E-01    5.5500E-01       188     52     31     18   0.88    5.9027E-01    2.9273E+01
   638     48    990.0000     68.5677      556.3140       70.5020   146.2600    43.3986    3.6979E+00    6.9606E-01    6.6000E-01       178     51     28     24   0.82    6.0251E-01    3.0172E+01
   608     47    994.0000     46.2380      534.7510       36.4260   154.1530    43.7334    2.8811E+00    5.9154E-01    4.2000E-01       163     47     27     13   0.78    5.0445E-01    3.0459E+01
   572     47    997.0000     37.2347      505.4710       52.3800   155.5780    42.9170    2.5302E+00    6.7023E-01    5.1000E-01       146     45     23     16   0.74    6.0009E-01    3.1870E+01
   524     42   1001.0000     30.2832      474.7040       43.8980   148.4440    41.9180    2.2641E+00    5.5939E-01    4.5000E-01       137     47     21     14   0.67    5.4383E-01    3.1673E+01
   490     41   1004.0000     32.0631      452.0840       34.0260   141.0390    41.3232    2.3996E+00    4.5394E-01    3.3000E-01       121     49     20     10   0.64    4.5394E-01    3.1999E+01
   459     40   1007.0000     28.2411      432.6310       64.5480   133.3290    40.5195    2.2508E+00    5.7282E-01    6.0000E-01       115     45     20     21   0.61    5.7282E-01    3.0974E+01
   433     37   1011.0000     24.2136      408.7240       19.7260   114.1520    40.0484    2.0567E+00    4.3235E-01    2.2500E-01       111     48     18      6   0.61    4.5408E-01    3.4144E+01
   399     37   1014.0000     22.6517      390.1570       69.3580   102.0530    39.2996    2.0239E+00    5.4672E-01    5.5500E-01       105     47     18     20   0.58    5.5461E-01    3.4679E+01
   362     33   1018.0000     21.8290      362.3080       34.8540    77.6390    38.3101    2.0292E+00    3.8891E-01    3.0000E-01       109     44     18     10   0.55    4.2475E-01    3.3368E+01
   340     31   1021.0000     23.9117      341.9160       45.3160    59.6930    37.5664    2.1868E+00    5.1024E-01    4.6500E-01       107     42     16     13   0.52    5.6351E-01    3.4056E+01
   318     28   1025.0000     18.3983      323.6980       62.7500    44.7870    36.9797    1.8680E+00    4.7264E-01    5.2500E-01       105     48     18     20   0.52    5.1254E-01    3.1375E+01
   297     27   1028.0000     19.1765      310.8520       44.3340    34.2160    36.1256    1.9642E+00    5.7465E-01    5.2500E-01       106     52     17     13   0.50    6.1650E-01    3.4408E+01
   293     26   1032.0000     19.9026      307.3080       54.3780    34.3430    35.9296    2.0202E+00    4.8745E-01    4.5000E-01       106     42     19     18   0.49    5.1057E-01    3.0867E+01
   285     25   1035.0000     17.3691      301.2470       59.4340    31.0410    35.6673    1.8596E+00    5.6005E-01    6.0000E-01       105     49     19     21   0.49    5.7024E-01    2.8823E+01
   280     25   1039.0000     15.6059      298.8330       23.3760    28.8260    35.5355    1.7430E+00    4.5421E-01    2.4000E-01        97     54     17      7   0.50    4.8177E-01    3.2110E+01
   274     26   1042.0000     21.1616      294.2760       55.8480    27.2690    34.2437    2.1487E+00    5.4125E-01    5.5500E-01       100     44     17     18   0.46    5.6235E-01    3.0155E+01
   274     26   1046.0000     18.9963      294.2690       37.7240    30.3910    35.5600    1.9995E+00    4.2749E-01    3.1500E-01        99     42     16     10   0.47    5.9821E-01    3.2887E+01
   272     25   1049.0000     17.3894      292.8640       24.8600    29.0230    35.2028    1.8894E+00    5.1402E-01    3.6000E-01        98     54     17      8   0.47    5.6758E-01    3.2102E+01
   266     25   1053.0000     16.6446      288.9960       26.9900    24.9890    35.2156    1.8484E+00    5.3662E-01    3.1500E-01       100     51     18      8   0.47    5.7458E-01    3.2254E+01
   262     25   1056.0000     18.2689      282.7590       30.6020    23.0430    34.9763    1.9681E+00    5.7681E-01    4.2000E-01       100     45     19     11   0.46    5.9234E-01    2.7770E+01
   260     25   1059.0000     19.5025      281.6730       41.7200    22.7010    34.7620    2.0613E+00    4.4389E-01    3.7500E-01       101     54     20     15   0.48    4.4389E-01    2.6915E+01
   259     25   1063.0000     16.6844      278.1090       20.6080    21.8070    33.6229    1.8535E+00    5.8399E-01    2.5500E-01        96     50     19      7   0.46    5.8412E-01    2.8490E+01
   259     25   1066.0000     19.7379      278.1010       42.4840    21.8070    34.9881    2.0732E+00    5.5861E-01    5.2500E-01        99     44     18     15   0.44    5.6416E-01    2.8260E+01
   257     25   1070.0000     17.1977      275.0730       37.3480    20.4120    34.2213    1.8921E+00    5.6668E-01    4.6500E-01       100     49     18     13   0.46    5.7725E-01    2.9711E+01
   253     26   1073.0000     18.7532      272.2910       56.1020    18.7680    34.7937    2.0142E+00    5.7255E-01    6.1500E-01        98     47     17     19   0.45    6.1871E-01    2.8806E+01
   252     25   1077.0000     18.0217      271.5180       41.6520    16.3540    34.5639    1.9636E+00    5.1893E-01    4.2000E-01       100     42     18     14   0.45    5.3703E-01    2.9482E+01
   251     25   1080.0000     17.0749      270.9700       41.3640    16.6170    33.4721    1.8969E+00    5.1008E-01    4.5000E-01        98     50     15     12   0.46    5.7896E-01    3.2173E+01
   251     25   1084.0000     19.4946      270.9660       43.9360    17.7340    34.1576    2.0721E+00    5.5151E-01    5.2500E-01        96     48     19     17   0.43    5.5309E-01    2.7405E+01
   250     25   1087.0000     23.6330      269.7960       18.9760    18.5550    33.6629    2.3574E+00    4.1091E-01    1.8000E-01        97     49     17      6   0.44    5.4751E-01    3.0378E+01
   249     25   1091.0000     19.6594      268.6230       38.0020    15.7420    34.0937    2.0864E+00    5.0884E-01    4.5000E-01        94     44     15     12   0.42    5.2797E-01    3.3293E+01
   245     26   1094.0000     17.3870      265.9750       46.5060    15.9760    34.2119    1.9323E+00    4.0847E-01    3.9000E-01        96     45     14     12   0.45    5.0549E-01    3.5371E+01
   245     25   1098.0000     19.6591      265.4960       25.6220    16.4910    32.8753    2.0959E+00    3.8857E-01    1.8000E-01        98     46     15      7   0.45    4.7590E-01    3.1789E+01
   245     25   1101.0000     19.7844      265.4920       24.3520    18.1340    34.0793    2.1048E+00    3.8459E-01    1.9500E-01        92     41     16      8   0.44    4.6694E-01    3.2006E+01
   244     25   1104.0000     15.6611      263.7960       38.9560    16.4770    31.2509    1.8011E+00    4.4808E-01    3.9000E-01        91     46     15     11   0.46    5.4966E-01    3.3690E+01
   244     25   1108.0000     18.4273      262.5240       48.1840    16.4770    32.2667    2.0042E+00    5.5073E-01    5.4000E-01        96     47     14     13   0.46    6.4431E-01    3.5403E+01
   244     25   1111.0000     18.9707      262.5190       37.9560    17.2410    33.7472    2.0434E+00    5.7415E-01    4.9500E-01        97     51     18     14   0.49    6.3844E-01    2.7831E+01
   242     25   1115.0000     21.9670      260.6150       64.2160    17.4020    33.9569    2.2574E+00    7.6598E-01    9.1500E-01        96     28     19     25   0.44    8.5289E-01    2.7069E+01
   240     25   1118.0000     24.5722      258.1580       34.4560    15.5650    32.8512    2.4354E+00    5.1724E-01    4.3500E-01        95     36     16     11   0.45    5.7829E-01    3.0948E+01
   238     25   1122.0000     24.4203      257.6440       30.5380    18.6090    32.7925    2.4343E+00    7.2315E-01    5.7000E-01        93     36     20     12   0.43    7.2315E-01    2.4964E+01
   237     25   1125.0000     22.8671      256.5580       37.1500    20.7270    34.0619    2.3318E+00    8.1781E-01    6.6000E-01        95     30     20     15   0.43    8.1781E-01    2.3793E+01
   234     24   1129.0000     18.4088      253.6280       48.9720    18.2000    33.6207    2.0235E+00    7.9354E-01    7.9500E-01        89     32     16     16   0.44    8.3306E-01    2.9714E+01
   232     23   1132.0000     17.2431      249.9920       59.2740    14.8850    33.8032    1.9365E+00    6.6287E-01    7.3500E-01        89     42     18     21   0.45    6.8101E-01    2.8433E+01
   229     23   1136.0000     19.1443      248.2690       38.0480    13.1700    32.3510    2.0856E+00    6.1143E-01    4.9500E-01        92     38     15     12   0.44    6.4037E-01    3.1802E+01
   227     22   1139.0000     20.8797      244.9820       56.9140     9.8870    33.3389    2.2101E+00    6.9426E-01    7.3500E-01        93     30     15     18   0.41    8.3835E-01    3.0650E+01
   226     22   1143.0000     20.6942      244.2110       44.4780     9.8940    27.7085    2.1997E+00    8.2223E-01    7.8000E-01        92     33     16     15   0.41    8.6523E-01    2.8865E+01
   226     22   1146.0000     19.3531      243.5340       57.1640    10.4130    29.2316    2.1017E+00    6.0422E-01    6.7500E-01        89     43     14     18   0.43    6.9834E-01    3.0680E+01
   226     22   1150.0000     22.6230      241.6330       67.1660    12.3890    31.5650    2.3261E+00    5.6795E-01    6.7500E-01        91     38     15     22   0.46    6.5414E-01    3.1694E+01
   223     22   1153.0000     22.6526      240.0130       48.5060    12.6240    30.3479    2.3390E+00    6.7435E-01    6.9000E-01        86     30     17     17   0.44    7.6539E-01    2.9981E+01
   221     23   1156.0000     23.2354      239.1040       58.6920    14.2550    32.5223    2.3871E+00    6.5194E-01    8.2500E-01        85     24     13     17   0.45    8.4930E-01    3.3360E+01
   217     22   1160.0000     23.8315      236.1620       32.3020    12.7480    31.7355    2.4407E+00    6.6150E-01    5.5500E-01        87     29     15     11   0.57    8.1087E-01    2.8735E+01
   214     21   1163.0000     24.9282      234.6370       43.9080    11.5530    32.8491    2.5278E+00    7.4650E-01    7.2000E-01        87     28     15     14   0.69    8.5865E-01    2.9601E+01
   210     20   1167.0000     20.2085      231.4830       37.2860    18.3580    32.5285    2.2092E+00    7.3920E-01    6.9000E-01        83     25     16     13   1.14    9.0781E-01    2.8281E+01
   208     19   1170.0000      9.0761      229.6200       23.7040     6.2200    22.8915    1.2985E+00    4.2377E-01    2.4000E-01        90     54     16      7   1.71    5.3466E-01    2.7087E+01
   208     19   1174.0000     21.7795      229.3750       23.7400     0.5190    16.9075    2.3267E+00    8.0240E-01    4.5000E-01        88     25     16      7   1.47    8.6366E-01    2.8017E+01
   207     19   1177.0000     55.7114      226.3680       26.0380     8.2960    24.6027    4.3434E+00    8.8025E-01    5.1000E-01        86     16     15      8   1.33    1.0770E+00    2.8201E+01
   203     18   1181.0000     85.3875      220.9720       18.0400    20.0360    29.3447    5.7855E+00    9.4050E-01    5.2500E-01        77     13     13      5   1.22    1.1434E+00    3.0595E+01
   197     18   1184.0000     99.1699      217.2760       17.9500    36.0120    31.9655    6.4555E+00    6.9832E-01    3.3000E-01        70     15     11      5   1.10    1.3148E+00    2.8282E+01
   184     17   1188.0000     94.9167      206.3620       18.1820    50.7110    31.8541    6.3823E+00    7.9407E-01    4.3500E-01        62     17     11      6   0.87    1.0561E+00    2.8230E+01
   170     14   1191.0000     88.2452      193.1690       19.4820    56.5740    31.0674    6.1922E+00    7.7838E-01    6.4500E-01        55     16     10      6   0.73    1.2350E+00    2.7906E+01
   157     13   1195.0000     54.1965      181.8550       31.6300    61.8130    30.4907    4.5655E+00    6.3280E-01    6.4500E-01        46     14      8     10   0.65    1.2040E+00    2.9496E+01
   141     10   1198.0000     43.0222      167.1490       22.1320    54.4560    29.5144    4.0173E+00    3.3500E-01    3.1500E-01        44     25      8      7   0.58    9.0490E-01    2.7971E+01
   131     10   1201.0000     17.2900      157.7810       22.5720    53.1340    29.0291    2.2265E+00    4.2013E-01    4.6500E-01        41     22      7      7   0.53    9.2506E-01    3.0147E+01
   119     10   1205.0000     14.7059      144.4170       22.1400    49.6270    28.3878    2.0353E+00    5.0235E-01    5.2500E-01        38     16      8      8   0.47    1.1836E+00    2.8250E+01
   102      6   1208.0000     15.6189      126.5710       14.1700    39.3870    26.7750    2.1869E+00    5.8467E-01    5.2500E-01        35     16      7      5   0.37    1.2179E+00    2.9234E+01
    98      6   1212.0000     15.8500      122.5410       14.4340    37.0960    26.5663    2.2276E+00    3.4407E-01    3.3000E-01        34     19      6      5   0.36    1.1772E+00    2.8576E+01
