 10027    473      0.0000     38.1705     6275.7010      730.8160     0.0000     9.4807    1.1706E+00    4.7824E-01    3.6000E-01      4793   3917    946    476   2.90    1.1995E-01    5.7380E+00
 10010    485      3.0000     39.1763     6263.2560     1419.6200     0.0000    14.4265    1.1914E+00    4.6911E-01    4.9500E-01      4511   3562    716    818   2.99    1.2712E-01    9.8720E+00
 10014    480      6.0000     47.7553     6072.9930     1719.3700    47.2740    82.0289    1.3453E+00    5.2203E-01    6.0000E-01      4481   2820    679    972   2.92    1.4578E-01    1.7630E+01
 10002    483     10.0000     56.3104     5837.5240     1243.4600    79.8420    94.3445    1.4830E+00    5.7999E-01    6.0000E-01      4505   2341    715    783   2.96    1.6812E-01    2.3024E+01
  9995    481     13.0000     64.1771     5684.9890     1496.3200    10.2120    85.7733    1.6045E+00    6.2868E-01    7.0500E-01      4432   1988    712    948   2.54    1.6797E-01    1.9661E+01
  9993    479     17.0000     66.0220     5638.3970     1181.7120     8.6520    91.1532    1.6308E+00    6.0169E-01    6.1500E-01      4382   1946    598    633   2.47    1.7852E-01    3.4050E+01
  9988    480     20.0000     67.5539     5598.5590      707.9640     9.1640    90.9025    1.6525E+00    5.8147E-01    4.6500E-01      4284   1835    543    296   2.46    2.0414E-01    3.5451E+01
  9987    480     24.0000     69.1685     5546.3970     1255.2000    13.6910    94.5714    1.6736E+00    6.3562E-01    6.7500E-01      4278   1743    627    722   2.63    1.7306E-01    1.3554E+01
  9979    478     27.0000     72.2923     5507.2630      918.9200    10.9320    94.5962    1.7204E+00    6.1230E-01    5.5500E-01      4194   1617    521    418   2.47    1.6950E-01    2.5002E+01
  9974    477     31.0000     76.1354     5465.0310     1127.6400     8.7150    93.2059    1.7768E+00    6.2286E-01    6.3000E-01      4195   1610    547    559   2.34    2.2118E-01    2.8013E+01
  9971    478     34.0000     82.5116     5415.1700     1166.6980    16.4610    91.0562    1.8692E+00    6.5739E-01    6.7500E-01      4260   1426    529    568   2.43    1.9289E-01    3.1244E+01
  9957    477     38.0000     88.0650     5338.6430     1112.0840    10.0230    84.8258    1.9445E+00    6.8072E-01    6.9000E-01      4170   1341    541    568   2.37    2.0065E-01    1.5907E+01
  9952    477     41.0000     89.5255     5305.0720     1076.0740    12.4460    93.4731    1.9624E+00    6.4806E-01    6.6000E-01      4234   1357    513    532   2.28    1.9194E-01    2.2199E+01
  9943    477     45.0000     91.2367     5276.6650      694.8000    18.7460    93.2811    1.9849E+00    6.4104E-01    5.2500E-01      4199   1340    510    304   2.36    1.8915E-01    2.7835E+01
  9934    477     48.0000     93.6561     5249.9630     1084.1420    15.5930    86.5299    2.0175E+00    6.8041E-01    6.9000E-01      4158   1205    521    541   2.16    1.8939E-01    2.9939E+01
  9929    477     51.0000     96.3086     5205.2060     1053.6700    25.5470    92.7793    2.0501E+00    6.8896E-01    7.0500E-01      4100   1209    521    544   2.49    2.4943E-01    5.0806E+01
  9918    477     55.0000     95.0870     5196.7030     1052.7960    36.2870    90.8497    2.0330E+00    6.8308E-01    6.9000E-01      4052   1144    477    484   2.11    2.1304E-01    1.6726E+01
  9911    475     58.0000     97.1060     5180.2740      816.5480    37.6660    91.3752    2.0603E+00    6.5020E-01    5.7000E-01      4048   1200    474    351   2.12    2.0743E-01    4.1770E+01
  9900    476     62.0000     99.1050     5164.2490      765.9380    36.2010    92.4913    2.0877E+00    6.8469E-01    5.7000E-01      4056   1104    507    335   2.12    2.0547E-01    4.8268E+01
  9900    472     65.0000     99.4182     5137.4250      796.1660    35.5120    92.3569    2.0885E+00    7.0856E-01    6.0000E-01      4041   1050    501    363   2.12    1.9092E-01    5.1939E+01
  9893    471     69.0000    102.7715     5128.9360      869.8880    33.7600    89.5391    2.1349E+00    6.9485E-01    6.4500E-01      4032   1077    493    404   2.09    2.1507E-01    3.4115E+01
  9886    469     72.0000     97.1753     5101.1100      825.7960    33.6660    91.7885    2.0538E+00    6.5962E-01    5.8500E-01      3891   1076    438    337   2.11    1.8650E-01    2.8863E+01
  9878    469     76.0000    107.6847     5070.4150      765.4660    33.5390    92.2098    2.1959E+00    6.6606E-01    6.0000E-01      4016   1018    436    323   2.07    2.0016E-01    3.1338E+01
  9875    468     79.0000    107.2840     5055.0860      796.1900    35.5490    90.9664    2.1887E+00    7.0760E-01    6.4500E-01      3980   1007    451    349   2.07    2.0706E-01    4.5875E+01
  9870    464     83.0000    110.1447     5047.7740      913.0620    41.9970    91.7086    2.2270E+00    7.1156E-01    6.7500E-01      3984   1033    477    429   2.06    1.9435E-01    3.9668E+01
  9865    464     86.0000    107.7441     5032.6540      859.7180    39.8860    90.9247    2.1930E+00    6.5633E-01    6.1500E-01      3930   1001    423    360   2.10    2.0572E-01    2.4441E+01
  9865    464     90.0000    113.3482     5027.7990      545.3740    28.7260    87.2712    2.2676E+00    7.0499E-01    4.9500E-01      4037    975    449    210   2.13    1.9136E-01    3.1141E+01
  9865    464     93.0000    118.6184     5010.5760      635.3240    22.4100    88.9708    2.3347E+00    7.3253E-01    5.5500E-01      3985    915    446    240   2.04    1.9366E-01    4.6140E+01
  9865    463     96.0000    115.8235     5000.7520      755.6680    29.5750    78.5124    2.2964E+00    7.0047E-01    5.8500E-01      3938    907    420    282   2.04    2.0882E-01    2.8076E+01
  9863    463    100.0000    124.3536     4975.9050      739.7980    37.1110    89.9249    2.4041E+00    7.3514E-01    6.1500E-01      3965    907    456    297   2.01    2.1151E-01    2.1427E+01
  9858    461    103.0000    120.2371     4968.6660      654.9440    58.6720    90.8017    2.3503E+00    6.9651E-01    5.4000E-01      3878    887    423    239   2.02    1.9224E-01    2.1663E+01
  9834    459    107.0000    124.5354     4939.3750      555.8000    69.5540    90.6082    2.4047E+00    6.7560E-01    4.8000E-01      3978    961    408    189   2.01    2.1620E-01    3.7569E+01
  9791    457    110.0000    123.5967     4897.9030      674.1480    56.3880    89.0189    2.3920E+00    7.2574E-01    5.8500E-01      3884    858    456    268   1.95    2.0489E-01    1.7025E+01
  9766    455    114.0000    126.8214     4878.6490      758.9260    57.9090    90.7676    2.4339E+00    7.2615E-01    6.4500E-01      3910    841    434    344   1.92    1.9129E-01    2.6197E+01
  9726    454    117.0000    121.1750     4855.7190      781.9400    60.2830    89.7294    2.3631E+00    6.8121E-01    5.8500E-01      3811    927    426    316   1.94    2.0587E-01    4.3115E+01
  9704    452    121.0000    125.2042     4832.4400      443.8940    60.3090    90.4906    2.4145E+00    6.9089E-01    4.3500E-01      3803    895    415    150   1.92    2.1803E-01    3.2807E+01
  9670    453    124.0000    124.0649     4798.2850      884.8680    55.2000    89.8126    2.3991E+00    7.3017E-01    7.0500E-01      3768    780    406    376   1.89    2.4217E-01    3.4267E+01
  9645    452    128.0000    129.0908     4775.4240      666.9820    48.4480    90.1901    2.4633E+00    6.9617E-01    5.5500E-01      3801    844    373    227   1.93    2.3363E-01    2.8121E+01
  9626    449    131.0000    129.4260     4756.0300      570.3480    42.1600    89.5912    2.4670E+00    7.1092E-01    5.2500E-01      3771    835    417    212   1.95    1.8753E-01    3.0157E+01
  9608    449    135.0000    134.6804     4745.8410      738.5160    33.1920    88.6814    2.5343E+00    7.1792E-01    6.1500E-01      3826    806    396    284   1.93    1.9319E-01    3.7379E+01
  9600    446    138.0000    132.5944     4734.2830      495.5260    35.2040    88.9013    2.5073E+00    7.1315E-01    5.1000E-01      3757    810    391    188   1.93    2.1965E-01    4.6599E+01
  9584    444    142.0000    136.2523     4721.7980      526.3320    37.1120    87.7337    2.5534E+00    6.7966E-01    4.8000E-01      3755    755    355    173   1.93    2.2394E-01    4.1301E+01
  9573    443    145.0000    139.8064     4698.7390      378.2640    44.1250    89.3273    2.5951E+00    6.9658E-01    4.2000E-01      3844    779    378    117   1.92    2.0635E-01    4.6437E+01
  9561    442    148.0000    132.1180     4687.3980      225.6880    53.2440    88.9040    2.4989E+00    7.0546E-01    2.8500E-01      3740    796    383     52   1.92    1.6811E-01    6.4519E+01
  9560    441    152.0000    134.4813     4680.1220      252.7860    57.9850    85.1837    2.5275E+00    6.9769E-01    3.0000E-01      3790    747    362     69   2.02    1.5307E-01    3.4834E+01
  9560    438    155.0000    138.0469     4672.0790      504.5500    45.6850    84.4417    2.5705E+00    7.1119E-01    4.8000E-01      3773    758    377    156   2.01    2.1387E-01    5.4083E+01
  9554    439    159.0000    154.0496     4660.4460      273.5260    40.0810    88.9793    2.7642E+00    7.4101E-01    3.1500E-01      3833    737    417     71   1.92    1.7486E-01    6.2021E+01
  9549    436    162.0000    144.0102     4651.7430      186.8180    40.7160    88.6737    2.6419E+00    7.5822E-01    3.1500E-01      3713    711    398     58   1.90    1.9681E-01    2.3555E+01
  9538    435    166.0000    153.1831     4635.1350      173.8860    52.0140    87.8172    2.7515E+00    7.1979E-01    2.7000E-01      3776    666    353     38   1.87    1.8623E-01    5.1044E+01
  9524    435    169.0000    148.7920     4611.1130      458.4120    73.6940    88.9851    2.6964E+00    7.9641E-01    4.9500E-01      3695    621    413    160   1.85    2.1687E-01    4.3608E+01
  9505    432    173.0000    155.3985     4594.8220      450.0180    82.8410    89.1782    2.7756E+00    7.9133E-01    4.9500E-01      3727    650    396    160   1.82    2.0301E-01    3.5593E+01
  9464    432    176.0000    151.0170     4578.3910      419.2340    91.6050    88.5655    2.7268E+00    7.9427E-01    4.8000E-01      3657    655    420    140   1.80    2.2394E-01    2.9017E+01
  9415    428    180.0000    147.4414     4556.9650      579.2160    85.6570    88.7530    2.6875E+00    7.9848E-01    6.6000E-01      3613    634    406    246   1.80    2.4869E-01    3.3657E+01
  9369    428    183.0000    148.7181     4524.6130      397.4800    76.1850    88.4271    2.7044E+00    7.2804E-01    4.6500E-01      3598    680    352    132   1.80    2.4358E-01    5.8273E+01
  9317    425    187.0000    149.1203     4499.0940      560.6840    66.1960    88.0586    2.7130E+00    7.9560E-01    5.7000E-01      3591    622    390    201   1.79    2.4766E-01    4.1077E+01
  9274    424    190.0000    148.3209     4475.5350      536.0860    53.4770    88.4333    2.7059E+00    8.2057E-01    6.0000E-01      3546    627    398    193   1.80    2.2997E-01    4.3761E+01
  9252    423    193.0000    153.3565     4462.3630      326.1860    51.6070    87.1788    2.7679E+00    7.6763E-01    4.2000E-01      3620    656    396    102   1.82    1.9357E-01    4.8952E+01
  9231    423    197.0000    154.9080     4449.3250      329.7140    50.5920    87.7380    2.7875E+00    8.4160E-01    4.6500E-01      3579    595    405     96   1.79    2.2140E-01    5.8747E+01
  9205    422    200.0000    155.8828     4436.1930      424.3220    49.8730    87.4233    2.8011E+00    7.9280E-01    4.9500E-01      3561    626    391    139   1.79    2.2100E-01    4.1530E+01
  9177    421    204.0000    158.7651     4416.7380      379.0340    44.1330    87.4749    2.8364E+00    7.6008E-01    4.5000E-01      3528    634    383    123   1.76    1.9539E-01    4.6096E+01
  9161    421    207.0000    152.5789     4406.8950      603.5040    42.8480    87.9019    2.7630E+00    7.2733E-01    5.8500E-01      3573    670    352    216   1.77    2.2568E-01    4.1251E+01
  9150    420    211.0000    148.5140     4401.4880      550.4900    43.1510    87.1564    2.7145E+00    7.5097E-01    5.7000E-01      3505    659    361    196   1.81    2.3676E-01    5.3453E+01
  9148    420    214.0000    152.6963     4398.0290      359.0640    38.2550    80.4821    2.7648E+00    7.3750E-01    4.8000E-01      3571    666    354    133   1.89    2.2376E-01    3.8454E+01
  9148    419    218.0000    167.5712     4383.9150      389.8040    32.5130    85.7574    2.9385E+00    7.3773E-01    4.6500E-01      3563    652    370    128   1.80    2.4752E-01    4.4619E+01
  9147    419    221.0000    173.7426     4380.7650      456.9880    26.2700    74.0549    3.0096E+00    7.6454E-01    4.9500E-01      3568    596    363    142   1.73    2.0517E-01    4.3008E+01
  9147    419    225.0000    165.3499     4377.8910      414.3300    29.3730    75.2210    2.9113E+00    6.9703E-01    4.5000E-01      3516    595    332    130   1.74    1.9643E-01    3.7391E+01
  9146    418    228.0000    171.3259     4373.7010      210.2800    37.3120    80.9670    2.9803E+00    7.1288E-01    2.8500E-01      3583    629    327     55   1.74    1.5653E-01    4.5647E+01
  9144    418    232.0000    168.7191     4370.3250      420.0040    55.0060    86.5159    2.9496E+00    7.0387E-01    4.3500E-01      3565    577    311    116   1.73    1.9283E-01    3.2453E+01
  9137    417    235.0000    165.3118     4359.6430      371.1400    66.1040    87.3676    2.9087E+00    7.5012E-01    3.9000E-01      3527    596    343    103   1.75    1.6576E-01    3.6572E+01
  9124    416    239.0000    165.4219     4353.8920      386.2900    77.6110    84.4320    2.9111E+00    7.7753E-01    4.5000E-01      3487    575    344    103   1.74    2.2092E-01    6.0153E+01
  9119    414    242.0000    168.4643     4348.8380      482.8280    93.9460    86.9303    2.9465E+00    7.9408E-01    5.5500E-01      3503    550    350    154   1.78    2.3560E-01    5.0830E+01
  9113    415    245.0000    162.7095     4340.5570      219.0120   105.6710    86.7296    2.8783E+00    7.1469E-01    3.0000E-01      3380    594    326     53   1.83    1.8800E-01    5.2817E+01
  9093    414    249.0000    166.7247     4333.1430      276.5740   115.1720    87.4706    2.9275E+00    7.5858E-01    3.1500E-01      3407    578    355     73   1.86    1.7680E-01    5.2861E+01
  9058    412    252.0000    173.7690     4315.3060      489.9880   122.4540    87.3449    3.0121E+00    8.3321E-01    5.8500E-01      3423    532    376    188   1.85    2.2619E-01    3.7121E+01
  8985    406    256.0000    177.8878     4288.8500      356.9420   113.7580    87.1061    3.0677E+00    8.7366E-01    4.9500E-01      3401    491    385    125   1.79    1.8624E-01    4.0040E+01
  8907    400    259.0000    169.7575     4251.8760      394.5000    99.8650    87.0096    2.9801E+00    8.6334E-01    5.4000E-01      3340    508    371    140   1.77    2.3039E-01    4.2276E+01
  8816    397    263.0000    168.3300     4220.2370      590.3820    81.6930    86.5470    2.9738E+00    8.6598E-01    7.0500E-01      3350    520    392    258   1.73    2.4711E-01    3.1829E+01
  8780    396    266.0000    167.2396     4200.8960      510.9720    91.6510    86.6215    2.9635E+00    8.6680E-01    6.3000E-01      3329    491    356    180   1.69    2.3952E-01    4.4236E+01
  8751    396    270.0000    165.4094     4186.5790      297.7920    90.5990    86.2412    2.9442E+00    8.6189E-01    5.1000E-01      3342    523    381    116   1.75    2.4227E-01    4.0429E+01
  8741    395    273.0000    159.6018     4176.3110      400.5240    80.7040    86.1786    2.8745E+00    8.2686E-01    4.9500E-01      3320    523    364    137   1.99    2.2545E-01    3.5178E+01
  8740    395    277.0000    167.4574     4173.6170      535.7280    68.1760    85.6716    2.9676E+00    8.8357E-01    6.7500E-01      3351    493    382    211   2.02    2.5426E-01    2.6290E+01
  8736    396    280.0000    186.4687     4159.9770      351.8940    47.5520    84.8858    3.1855E+00    8.8543E-01    5.4000E-01      3337    466    380    125   1.94    2.1704E-01    3.6606E+01
  8726    395    284.0000    187.1739     4155.4830      374.5840    49.0860    83.1107    3.1945E+00    8.5059E-01    5.4000E-01      3278    460    350    140   1.85    2.3332E-01    3.2958E+01
  8709    396    287.0000    178.6729     4141.3130      548.1980    74.5710    85.1020    3.0971E+00    8.6980E-01    7.0500E-01      3287    465    345    216   1.82    2.9217E-01    2.6378E+01
  8684    394    290.0000    179.9578     4122.9030      536.6760    92.2410    86.0444    3.1125E+00    8.5392E-01    6.7500E-01      3307    513    365    213   1.79    2.7230E-01    3.6656E+01
  8660    393    294.0000    183.5940     4116.1590      389.0340   108.8270    85.7265    3.1577E+00    8.1474E-01    5.4000E-01      3226    485    321    137   1.73    2.5916E-01    2.9986E+01
  8624    393    297.0000    173.5862     4096.0640      438.6220   124.9510    85.8181    3.0443E+00    8.3746E-01    5.7000E-01      3206    510    369    169   1.75    2.8120E-01    3.3270E+01
  8586    392    301.0000    174.9655     4085.1570      573.9360   138.6970    85.4399    3.0656E+00    8.2700E-01    6.7500E-01      3200    494    345    226   1.77    2.7209E-01    3.0974E+01
  8544    390    304.0000    181.3513     4067.6570      412.6740   148.1970    85.6213    3.1443E+00    8.0820E-01    5.5500E-01      3144    481    349    154   1.74    2.3451E-01    3.2742E+01
  8469    388    308.0000    178.2830     4031.0860      199.7880   142.8730    85.2219    3.1154E+00    8.8734E-01    4.0500E-01      3098    445    349     68   1.70    2.2739E-01    3.0136E+01
  8379    384    311.0000    172.1213     3994.7960      471.5120   127.1070    85.0082    3.0530E+00    8.4546E-01    6.3000E-01      3068    465    339    182   1.69    2.4494E-01    2.9121E+01
  8303    383    315.0000    175.5950     3961.3750      492.4100   113.5660    84.8176    3.1018E+00    8.3479E-01    6.4500E-01      3074    480    353    203   1.67    2.8059E-01    3.2511E+01
  8241    382    318.0000    173.7406     3934.3730      281.7960   103.9380    84.6929    3.0864E+00    8.6036E-01    4.8000E-01      3077    456    345     96   1.64    2.8899E-01    3.0925E+01
  8166    380    322.0000    175.3956     3903.9380      361.6640    81.6370    84.4106    3.1145E+00    8.4655E-01    4.9500E-01      3042    463    347    128   1.61    2.6698E-01    4.3329E+01
  8123    379    325.0000    171.9806     3883.5050      444.9440    76.5330    84.3294    3.0781E+00    8.5936E-01    6.3000E-01      3051    462    334    175   1.63    2.9335E-01    3.3914E+01
  8090    378    329.0000    165.1215     3872.7680      351.3400    72.0780    83.9157    3.0000E+00    8.3392E-01    5.1000E-01      3033    465    320    121   1.66    2.5290E-01    3.4557E+01
  8087    378    332.0000    164.3018     3871.7260      420.3460    67.0460    83.7092    2.9905E+00    7.8574E-01    5.5500E-01      3054    507    322    165   1.84    2.2858E-01    3.0986E+01
  8087    378    335.0000    171.2318     3869.3340      431.2160    59.6970    79.7572    3.0733E+00    8.5092E-01    5.7000E-01      3016    467    332    154   1.88    2.4617E-01    2.7384E+01
  8084    378    339.0000    187.4531     3863.9630      348.8500    53.1700    81.5148    3.2637E+00    8.9623E-01    5.5500E-01      3040    402    326    125   1.81    2.3545E-01    3.4692E+01
  8075    378    342.0000    184.4781     3858.5420      502.4980    59.6930    83.9512    3.2297E+00    8.8885E-01    7.2000E-01      2979    409    334    213   1.73    2.9962E-01    2.8961E+01
  8056    377    346.0000    187.4528     3847.5400      529.0840    75.0490    83.7259    3.2657E+00    8.2682E-01    6.7500E-01      2982    435    320    218   1.66    2.9355E-01    3.1887E+01
  8023    376    349.0000    174.0662     3833.8800      478.7720    77.8160    83.8890    3.1121E+00    8.6619E-01    6.6000E-01      2935    440    337    187   1.62    2.5677E-01    2.7140E+01
  8007    376    353.0000    172.9184     3824.7850      498.0340    82.0820    83.8146    3.0995E+00    8.6227E-01    6.7500E-01      2954    447    345    210   1.61    2.7083E-01    3.0343E+01
  8000    376    356.0000    174.8072     3820.2200      484.9940    93.2170    83.0721    3.1224E+00    8.3802E-01    6.3000E-01      2942    408    302    173   1.65    2.7633E-01    2.6239E+01
  7997    376    360.0000    179.3499     3814.7770      419.9540   109.3080    83.8597    3.1754E+00    8.4097E-01    5.7000E-01      2928    456    319    158   1.68    2.3540E-01    3.4527E+01
  7988    374    363.0000    185.1224     3806.3710      360.8340   132.6560    83.5831    3.2430E+00    7.9107E-01    4.8000E-01      2874    436    293    120   1.66    2.3484E-01    3.7741E+01
  7969    376    367.0000    180.6906     3796.3860      435.4360   154.1970    83.4199    3.1927E+00    8.0437E-01    5.5500E-01      2848    463    303    157   1.71    2.6101E-01    2.9470E+01
  7901    370    370.0000    182.7635     3773.9960      343.8840   157.6640    83.5989    3.2268E+00    7.8678E-01    4.8000E-01      2853    451    303    119   1.70    2.0027E-01    3.4791E+01
  7816    365    374.0000    172.5708     3747.5820      327.2600   153.1450    83.4063    3.1180E+00    7.7449E-01    4.9500E-01      2759    468    298    110   1.68    2.3846E-01    3.2228E+01
  7698    361    377.0000    170.5132     3699.2790      350.1560   126.4050    82.8896    3.1073E+00    8.1538E-01    5.4000E-01      2766    451    304    128   1.66    2.3811E-01    3.9882E+01
  7600    360    381.0000    164.8574     3658.8030      228.4880   109.9030    82.7117    3.0498E+00    8.0587E-01    4.2000E-01      2740    451    306     80   1.64    2.2055E-01    3.1774E+01
  7536    358    384.0000    169.6653     3632.8640      194.9800    96.2560    82.4248    3.1168E+00    7.3743E-01    3.7500E-01      2759    497    283     67   1.64    1.8298E-01    3.4542E+01
  7490    356    387.0000    162.4629     3612.0480      416.9840    87.5450    82.2030    3.0330E+00    7.7589E-01    5.1000E-01      2732    453    286    145   1.71    2.4668E-01    3.3229E+01
  7466    354    391.0000    155.2766     3600.2040      186.6260    82.1940    81.7621    2.9452E+00    7.9750E-01    3.4500E-01      2744    457    301     55   1.92    1.8212E-01    3.1988E+01
  7463    355    394.0000    172.6715     3595.4910      324.4380    81.0280    81.4243    3.1606E+00    8.0345E-01    4.6500E-01      2748    450    283    111   1.90    1.8656E-01    2.8999E+01
  7459    354    398.0000    172.1779     3589.8680      126.2800    80.2860    81.4967    3.1539E+00    7.1568E-01    2.8500E-01      2691    447    268     42   1.89    1.8948E-01    3.3690E+01
  7450    353    401.0000    174.1387     3586.4690      310.7000    87.5340    81.8056    3.1790E+00    7.9601E-01    4.9500E-01      2706    485    295    108   1.87    2.1685E-01    3.7399E+01
  7433    353    405.0000    178.9653     3578.8550      298.6860    90.0450    81.1130    3.2395E+00    7.3873E-01    4.0500E-01      2687    455    288     90   1.77    2.0788E-01    3.6652E+01
  7424    353    408.0000    164.0739     3576.6610      313.5000    88.1120    82.0591    3.0588E+00    7.6001E-01    4.8000E-01      2662    477    271    103   1.81    2.6836E-01    3.0926E+01
  7418    353    412.0000    171.1337     3574.8780      256.8800    76.3990    82.0250    3.1469E+00    7.5964E-01    3.7500E-01      2716    453    287     83   1.88    1.9867E-01    3.3054E+01
  7411    352    415.0000    182.8825     3571.0690      217.5600    79.5800    81.7493    3.2899E+00    7.2542E-01    3.7500E-01      2723    466    275     72   1.88    2.1869E-01    4.1233E+01
  7399    351    419.0000    175.7467     3562.3770      184.5700    96.5900    81.5884    3.2042E+00    7.6779E-01    3.3000E-01      2655    445    281     56   1.88    2.0913E-01    3.9547E+01
  7366    351    422.0000    180.6332     3552.5780      255.6760   126.2560    80.4448    3.2688E+00    7.7463E-01    4.0500E-01      2661    438    258     87   1.86    2.0983E-01    4.0094E+01
  7312    351    426.0000    175.9515     3531.7510      269.4740   154.9190    81.3477    3.2196E+00    7.4134E-01    4.0500E-01      2551    408    254     84   1.84    2.2649E-01    3.4936E+01
  7220    350    429.0000    169.9300     3498.5120      212.6420   171.6940    81.5299    3.1591E+00    6.8647E-01    3.4500E-01      2497    439    239     65   1.78    1.9873E-01    3.0926E+01
  7070    347    432.0000    167.6397     3448.0420      174.5040   156.8780    81.1434    3.1539E+00    6.7801E-01    2.8500E-01      2458    471    239     50   1.68    1.6852E-01    3.5063E+01
  6914    340    436.0000    161.1803     3395.5850      109.7700   120.8230    80.6066    3.0966E+00    6.5702E-01    1.9500E-01      2465    457    242     26   1.63    1.6818E-01    4.2610E+01
  6784    340    439.0000    162.5767     3345.4920      160.7520    85.5680    80.2166    3.1336E+00    7.0657E-01    3.0000E-01      2444    442    251     44   1.53    2.0210E-01    4.0494E+01
  6735    337    443.0000    151.9752     3326.8720      264.6540    79.0630    79.3388    3.0029E+00    6.8446E-01    4.0500E-01      2428    485    252     91   1.69    2.2916E-01    3.5005E+01
  6718    336    446.0000    154.9598     3321.4970      234.6520    81.1190    79.6970    3.0449E+00    6.4670E-01    3.6000E-01      2429    486    245     74   1.82    2.2827E-01    2.8529E+01
  6704    336    450.0000    165.7369     3316.3100      299.0220    82.2040    80.0173    3.1867E+00    6.9986E-01    4.6500E-01      2483    426    243    105   1.77    2.3271E-01    2.4519E+01
  6680    334    453.0000    169.0108     3306.0000      364.3440    83.7420    79.3271    3.2319E+00    6.8707E-01    4.8000E-01      2389    443    231    120   1.68    2.3672E-01    3.5383E+01
  6665    333    457.0000    160.7064     3295.0000      356.5080    87.4390    79.7774    3.1258E+00    7.0556E-01    4.9500E-01      2373    400    235    118   1.59    2.6417E-01    4.0173E+01
  6657    332    460.0000    154.5287     3290.6900      192.4840    87.5590    78.2930    3.0460E+00    6.9506E-01    3.4500E-01      2405    452    244     60   1.59    2.2309E-01    3.4542E+01
  6656    333    464.0000    153.8345     3286.8090      315.1780    73.3640    79.6677    3.0359E+00    7.2694E-01    4.8000E-01      2397    436    256    103   1.75    2.5498E-01    3.8959E+01
  6654    333    467.0000    172.2592     3284.1640      234.1800    50.3210    66.9902    3.2734E+00    7.3315E-01    3.7500E-01      2457    414    246     70   1.76    2.0961E-01    3.7648E+01
  6654    333    471.0000    181.8713     3284.1380      319.9280    43.6830    62.3418    3.3941E+00    7.6710E-01    4.9500E-01      2465    402    251     96   1.73    2.6708E-01    3.5238E+01
  6654    333    474.0000    191.2899     3278.2350      173.2560    61.0190    63.1597    3.5082E+00    7.6497E-01    3.0000E-01      2439    405    265     51   1.71    1.8159E-01    4.0127E+01
  6654    333    478.0000    172.9288     3278.2110      182.6480   107.3500    76.1231    3.2799E+00    7.1173E-01    2.8500E-01      2361    418    253     49   1.75    1.9559E-01    4.1542E+01
  6629    329    481.0000    171.2508     3264.2190      207.4660   150.2480    79.6491    3.2612E+00    7.9785E-01    3.7500E-01      2360    384    252     61   1.70    1.9394E-01    3.8860E+01
  6576    329    484.0000    172.4423     3240.7700      208.1340   184.2820    79.4260    3.2837E+00    8.2219E-01    4.0500E-01      2305    382    259     63   1.62    2.6620E-01    3.7793E+01
  6493    325    488.0000    164.0857     3209.2840      317.1040   192.1720    79.2398    3.1899E+00    7.8230E-01    4.9500E-01      2217    382    263    109   1.59    2.4216E-01    3.2633E+01
  6396    323    491.0000    159.1846     3170.0440      329.1920   180.0400    78.7978    3.1407E+00    7.6119E-01    5.4000E-01      2216    411    245    124   1.59    2.6010E-01    2.7408E+01
  6314    319    495.0000    151.2941     3134.5000      262.8160   148.9680    78.4653    3.0474E+00    7.1918E-01    4.2000E-01      2195    410    226     83   1.72    2.1714E-01    3.8865E+01
  6281    319    498.0000    153.3431     3122.6900      272.9980   128.4200    77.9732    3.0804E+00    7.6769E-01    4.8000E-01      2199    401    257     93   1.90    2.2450E-01    2.4575E+01
  6235    318    502.0000    155.5423     3106.7150      209.2160   133.9610    78.1882    3.1177E+00    7.5404E-01    3.9000E-01      2187    386    236     71   1.96    2.1010E-01    3.7984E+01
  6143    312    505.0000    155.3851     3070.6850      305.4560   121.0100    77.3007    3.1305E+00    7.6169E-01    4.8000E-01      2124    389    243     98   1.88    2.6022E-01    2.7528E+01
  6065    312    509.0000    153.8172     3042.7270      320.6640   116.2350    77.8109    3.1230E+00    6.9124E-01    4.8000E-01      2140    425    227    111   1.69    2.3244E-01    3.4040E+01
  6013    306    512.0000    147.7419     3019.4540      230.6880   110.4400    77.5500    3.0477E+00    7.0982E-01    4.0500E-01      2108    389    222     78   1.55    2.3566E-01    3.3031E+01
  5997    306    516.0000    136.0010     3014.0080      293.5800    93.1160    77.5068    2.8867E+00    7.3150E-01    4.8000E-01      2111    410    244    103   1.88    2.3171E-01    2.7705E+01
  5995    306    519.0000    142.4877     3013.6860      162.7120    60.5060    72.8653    2.9783E+00    7.7953E-01    3.7500E-01      2187    393    247     60   2.11    2.0588E-01    3.6597E+01
  5995    306    523.0000    159.1171     3013.6830      218.9640    40.7510    67.3689    3.2057E+00    7.3639E-01    4.0500E-01      2192    398    238     77   2.04    2.2913E-01    3.1356E+01
  5984    306    526.0000    170.3563     3007.3070      274.0480    37.2300    76.0113    3.3562E+00    6.7785E-01    4.2000E-01      2147    403    232     99   1.89    2.3021E-01    3.5795E+01
  5968    306    529.0000    169.6802     3001.9020      134.5980    55.2460    76.8410    3.3505E+00    7.1840E-01    3.0000E-01      2131    396    233     44   1.77    2.0915E-01    3.0678E+01
  5943    305    533.0000    150.3231     2995.0450      198.9140    93.8760    77.3555    3.0957E+00    7.2551E-01    3.9000E-01      2053    399    227     66   1.76    2.4119E-01    3.7270E+01
  5908    303    536.0000    155.8751     2983.3340      306.8460   132.1820    76.7046    3.1782E+00    7.5607E-01    5.1000E-01      2046    358    225    107   1.69    2.2675E-01    3.4887E+01
  5865    300    540.0000    148.6423     2963.6500      204.1600   153.8530    77.0549    3.0854E+00    7.1174E-01    3.9000E-01      1998    396    219     67   1.73    2.1742E-01    3.1447E+01
  5789    300    543.0000    138.5615     2939.1640      343.9300   155.7670    76.7148    2.9585E+00    6.7492E-01    4.6500E-01      1969    399    214    116   1.77    2.4380E-01    3.3157E+01
  5692    295    547.0000    141.8681     2900.7050      250.8680   136.1580    76.5785    3.0217E+00    6.6300E-01    4.5000E-01      1968    422    219     86   1.84    2.2832E-01    3.5370E+01
  5561    290    550.0000    136.5277     2856.1190      187.8840   112.9640    76.2468    2.9701E+00    6.6848E-01    3.4500E-01      1886    395    213     61   1.75    2.1836E-01    3.3068E+01
  5488    287    554.0000    144.3364     2828.2680      194.0480   105.4600    75.5676    3.0959E+00    6.9798E-01    3.4500E-01      1917    379    204     62   1.71    1.9092E-01    3.0338E+01
  5430    285    557.0000    132.3383     2805.5980      135.2860   110.1060    75.6980    2.9320E+00    6.8054E-01    2.5500E-01      1818    385    211     38   1.65    1.8535E-01    3.7669E+01
  5354    283    561.0000    141.4661     2775.9250      239.5480    97.2040    75.1954    3.0796E+00    6.6524E-01    3.7500E-01      1845    367    188     72   1.55    1.9764E-01    3.5136E+01
  5294    282    564.0000    125.8138     2751.3170      183.3140    83.3770    75.0687    2.8582E+00    6.1565E-01    2.8500E-01      1817    384    187     57   1.52    1.6915E-01    3.1584E+01
  5283    282    568.0000    119.0668     2748.3380      234.4340    73.6800    74.9631    2.7574E+00    6.6176E-01    3.6000E-01      1846    397    204     67   1.78    2.1038E-01    3.5667E+01
  5279    282    571.0000    138.6265     2747.5040      162.8120    68.0970    74.1382    3.0527E+00    6.7920E-01    2.8500E-01      1852    402    209     47   1.79    2.0226E-01    4.3818E+01
  5280    281    575.0000    146.1364     2745.8410      266.1860    69.4400    73.8131    3.1610E+00    7.3507E-01    4.6500E-01      1829    379    214     97   1.71    2.5198E-01    2.6905E+01
  5268    280    578.0000    149.0519     2740.8480      256.2940    84.6700    74.9636    3.2051E+00    6.6292E-01    4.3500E-01      1848    393    194     88   1.58    2.3566E-01    2.7411E+01
  5249    280    581.0000    147.0623     2733.7180      309.0200    87.4160    75.0050    3.1804E+00    7.0681E-01    5.1000E-01      1812    390    206    107   1.46    2.6224E-01    3.5137E+01
  5236    280    585.0000    140.0861     2727.8080      196.8260    88.2630    74.9585    3.0813E+00    6.7432E-01    3.4500E-01      1818    377    195     58   1.39    2.1593E-01    3.9584E+01
  5227    280    588.0000    131.7521     2720.7700      204.9280    87.6030    74.2388    2.9582E+00    5.9447E-01    3.4500E-01      1781    415    186     61   1.45    2.2310E-01    3.0285E+01
  5227    280    592.0000    139.7503     2718.9830      226.3620    86.4320    72.1780    3.0761E+00    7.0299E-01    4.2000E-01      1822    388    200     73   1.51    2.3689E-01    3.0366E+01
  5227    280    595.0000    147.6819     2718.8230      231.1560    89.4010    74.2133    3.1913E+00    6.2650E-01    3.6000E-01      1832    383    209     73   1.57    1.9520E-01    3.0123E+01
  5226    280    599.0000    153.2974     2716.8930      209.4320    97.0630    73.6696    3.2713E+00    6.6600E-01    3.7500E-01      1802    364    190     69   1.58    2.4635E-01    3.6116E+01
  5220    280    602.0000    150.0761     2712.9900      189.2820   116.5300    74.4558    3.2259E+00    6.2177E-01    3.3000E-01      1762    358    183     57   1.66    2.0858E-01    3.4215E+01
  5198    279    606.0000    143.6244     2704.9830      167.8660   146.2460    74.1201    3.1374E+00    5.6272E-01    2.8500E-01      1760    381    180     49   1.67    1.9415E-01    3.5541E+01
  5152    277    609.0000    137.9574     2691.5260      165.5660   171.5900    74.5310    3.0650E+00    5.7715E-01    2.7000E-01      1703    367    169     47   1.68    1.7930E-01    3.7059E+01
  5058    272    613.0000    133.7444     2660.2080      186.2840   164.5310    74.4074    3.0226E+00    5.7229E-01    2.7000E-01      1659    391    172     50   1.65    1.7420E-01    3.4798E+01
  4941    268    616.0000    132.4556     2618.7850      156.2460   153.5430    73.9122    3.0283E+00    5.7688E-01    2.5500E-01      1653    383    167     48   1.56    1.7933E-01    3.3169E+01
  4868    266    620.0000    120.7365     2594.8410       83.2940   143.8530    73.7602    2.8627E+00    5.8043E-01    2.2500E-01      1658    421    176     24   1.79    2.0980E-01    3.6012E+01
  4833    262    623.0000    117.5767     2579.1960      103.0740   124.9020    73.2133    2.8187E+00    5.9810E-01    2.5500E-01      1640    403    178     36   2.07    1.6370E-01    2.6593E+01
  4821    260    626.0000    125.2258     2573.4020       35.6000   121.4810    71.8312    2.9416E+00    5.5991E-01    9.0000E-02      1640    385    165      9   2.08    1.2329E-01    3.9922E+01
  4814    262    630.0000    130.2433     2572.1760       67.7700   133.1380    73.1096    3.0218E+00    5.4222E-01    1.0500E-01      1601    399    164     15   1.85    1.2944E-01    4.1163E+01
  4803    261    633.0000    127.7341     2563.6350       69.3300   125.4950    72.9175    2.9835E+00    6.0095E-01    1.8000E-01      1641    380    168     19   1.56    1.8368E-01    3.7180E+01
  4800    261    637.0000    130.7315     2561.0630      103.7080    88.2940    71.8214    3.0300E+00    5.6500E-01    1.9500E-01      1663    389    176     29   1.64    1.5602E-01    3.8660E+01
  4801    260    640.0000    148.1056     2559.3360       48.3840    64.4050    69.3428    3.2917E+00    5.8937E-01    1.0500E-01      1677    351    170     10   1.63    1.4088E-01    4.2517E+01
  4801    260    644.0000    151.8698     2557.6180       43.4660    49.0680    67.7854    3.3465E+00    6.2010E-01    9.0000E-02      1680    353    173      9   1.61    1.4545E-01    4.5411E+01
  4801    260    647.0000    161.8830     2557.6010       83.7660    51.8290    68.1911    3.4921E+00    6.8608E-01    1.5000E-01      1692    321    181     21   1.57    1.3922E-01    3.9620E+01
  4800    260    651.0000    146.9371     2557.4120      198.5580    71.8080    69.1305    3.2740E+00    6.9593E-01    3.0000E-01      1650    341    186     53   1.56    1.9963E-01    4.0996E+01
  4799    260    654.0000    153.1401     2555.4110      165.8700   120.3150    73.1336    3.3650E+00    6.5760E-01    3.4500E-01      1645    331    178     50   1.58    2.3308E-01    3.6875E+01
  4773    260    658.0000    141.4813     2545.7840      112.1960   187.0460    72.9037    3.1980E+00    5.8628E-01    2.2500E-01      1569    379    175     32   1.59    1.8865E-01    3.6996E+01
  4710    257    661.0000    130.2719     2522.6220      159.3360   223.3190    72.9255    3.0408E+00    6.2257E-01    3.1500E-01      1524    336    174     47   1.58    1.9430E-01    3.8178E+01
  4609    253    665.0000    124.0867     2486.5480      115.2080   219.3820    72.7999    2.9667E+00    5.8815E-01    2.2500E-01      1476    359    164     33   1.55    1.8261E-01    3.4128E+01
  4496    245    668.0000    121.7161     2441.6590      135.8860   183.8020    71.9607    2.9531E+00    6.0269E-01    2.4000E-01      1445    356    169     43   1.68    1.6196E-01    3.1740E+01
  4414    243    671.0000    120.8125     2403.1680      106.8080   158.6650    71.9264    2.9542E+00    5.7954E-01    1.9500E-01      1466    340    154     26   1.91    1.7032E-01    4.1277E+01
  4338    237    675.0000    118.1193     2376.2290       53.4920   138.5950    71.6137    2.9284E+00    5.9232E-01    1.8000E-01      1428    332    154     14   1.98    1.9968E-01    3.9758E+01
  4254    235    678.0000    114.6866     2343.5580      115.9960   130.8180    71.0991    2.8906E+00    5.3602E-01    2.2500E-01      1392    342    146     32   1.76    1.7374E-01    3.7619E+01
  4236    232    682.0000    113.3256     2333.6660       55.5420   132.6190    70.9859    2.8707E+00    5.5710E-01    1.2000E-01      1407    343    155     14   1.53    1.5722E-01    3.7179E+01
  4232    233    685.0000    115.8998     2329.6690       67.3180   114.9200    69.8942    2.9139E+00    5.7068E-01    1.0500E-01      1422    336    150     14   1.70    1.2590E-01    4.6470E+01
  4232    233    689.0000    121.8853     2329.6360       95.4260    88.2140    68.2246    3.0134E+00    5.3656E-01    1.8000E-01      1428    367    152     25   1.91    1.4101E-01    3.6831E+01
  4232    233    692.0000    136.6749     2327.9920       78.1560    56.7530    70.4430    3.2517E+00    6.0800E-01    1.8000E-01      1491    326    162     24   1.89    1.5796E-01    3.2770E+01
  4231    233    696.0000    135.0294     2327.6300      147.2300    42.4200    61.9367    3.2258E+00    5.7418E-01    2.5500E-01      1483    329    149     38   1.85    1.8472E-01    3.9971E+01
  4232    232    699.0000    135.6827     2325.9780      222.3160    64.1150    70.4334    3.2350E+00    6.1329E-01    3.9000E-01      1446    312    153     72   1.78    2.6246E-01    3.4689E+01
  4220    232    703.0000    130.9458     2321.5650      128.9540    98.8140    70.6409    3.1624E+00    6.2893E-01    2.8500E-01      1418    318    156     35   1.69    2.0239E-01    3.9361E+01
  4194    230    706.0000    130.1842     2307.2930      184.0780   119.6750    69.7563    3.1549E+00    5.6979E-01    2.7000E-01      1442    345    148     50   1.66    1.8839E-01    3.5891E+01
  4173    229    710.0000    126.6946     2297.3800      140.0620   146.8210    70.4039    3.1028E+00    5.6628E-01    2.4000E-01      1408    308    138     38   1.71    1.7267E-01    3.9962E+01
  4136    227    713.0000    114.5005     2281.8000      218.9960   182.8420    70.6548    2.9087E+00    6.2750E-01    3.9000E-01      1287    306    140     69   1.75    2.3337E-01    3.8574E+01
  4069    224    717.0000    118.6702     2258.6210      157.1360   193.8350    70.2329    2.9969E+00    5.6393E-01    3.1500E-01      1289    304    139     41   1.72    2.2689E-01    3.7212E+01
  3990    222    720.0000    122.4539     2225.2420      169.5200   183.7030    70.1164    3.0797E+00    5.9950E-01    3.3000E-01      1298    306    142     51   1.63    2.2808E-01    3.1691E+01
  3889    219    723.0000    110.1585     2183.2810      121.5740   159.1240    69.5027    2.8942E+00    5.1492E-01    2.5500E-01      1227    320    133     35   1.57    1.6719E-01    4.0106E+01
  3749    213    727.0000    112.0437     2125.9170      186.9580   121.7190    69.1000    2.9632E+00    5.8908E-01    3.3000E-01      1236    299    134     55   1.45    2.0778E-01    3.9228E+01
  3638    204    730.0000    106.9121     2083.9380      171.6220    90.0070    68.3715    2.9027E+00    5.8262E-01    3.1500E-01      1212    315    137     49   1.37    2.1508E-01    4.0205E+01
  3586    200    734.0000     97.3815     2065.4720      111.1280    77.4940    68.3353    2.7421E+00    5.9316E-01    2.2500E-01      1227    312    142     27   1.59    1.8177E-01    4.1883E+01
  3560    198    737.0000    102.9966     2054.7190      191.9980    69.6580    68.1561    2.8535E+00    5.9086E-01    3.7500E-01      1258    317    144     63   1.87    2.2795E-01    3.3014E+01
  3555    198    741.0000    108.1479     2051.9990      201.0140    61.9820    67.9824    2.9489E+00    5.4702E-01    3.4500E-01      1238    329    148     64   1.82    2.2155E-01    3.0006E+01
  3554    198    744.0000    106.0242     2048.7230       68.9580    64.9740    65.7307    2.9091E+00    5.7961E-01    1.8000E-01      1209    294    130     17   1.58    2.0570E-01    3.9474E+01
  3553    198    748.0000    111.0532     2047.9520      135.1540    58.9590    65.8848    3.0005E+00    5.7025E-01    2.8500E-01      1251    294    135     38   1.51    2.0081E-01    3.5499E+01
  3551    197    751.0000    127.3709     2044.7390       76.9900    43.3820    67.6631    3.2870E+00    6.1605E-01    1.8000E-01      1271    269    135     19   1.49    1.8683E-01    3.8810E+01
  3548    197    755.0000    144.5316     2042.5410       47.6920    34.2840    66.2016    3.5764E+00    7.2070E-01    1.8000E-01      1273    234    151     13   1.44    2.2933E-01    3.8862E+01
  3544    196    758.0000    150.7086     2039.7970       59.1700    42.1000    67.8669    3.6783E+00    6.9652E-01    1.9500E-01      1262    258    146     15   1.43    2.2123E-01    3.8182E+01
  3527    196    762.0000    138.1596     2029.5400       89.1420    57.5410    66.7631    3.4750E+00    6.5690E-01    2.2500E-01      1214    278    141     25   1.42    1.9143E-01    3.5678E+01
  3508    196    765.0000    130.3418     2023.5130       73.0940    98.7290    67.1198    3.3497E+00    7.1038E-01    1.9500E-01      1190    248    146     21   1.37    1.8296E-01    3.6409E+01
  3490    195    768.0000    127.8835     2016.0100       96.7580   141.9920    67.4154    3.3131E+00    6.6819E-01    2.4000E-01      1179    260    138     28   1.40    2.0052E-01    3.9549E+01
  3455    192    772.0000    117.0215     2000.4130      150.1220   166.3450    67.7027    3.1328E+00    6.6696E-01    3.9000E-01      1137    276    133     48   1.45    2.2927E-01    3.3190E+01
  3376    187    775.0000    108.2254     1971.2000      135.7500   190.2760    67.3148    2.9988E+00    6.0988E-01    3.1500E-01      1069    269    128     40   1.42    2.2819E-01    3.1098E+01
  3284    183    779.0000    103.7757     1934.8140       86.0800   176.7170    66.9875    2.9443E+00    5.7992E-01    3.0000E-01      1057    277    133     29   1.38    2.4459E-01    2.8457E+01
  3203    179    782.0000     98.4155     1899.9120      161.5040   154.1960    66.4467    2.8656E+00    5.5301E-01    3.0000E-01      1060    275    122     47   1.48    2.1606E-01    3.5977E+01
  3140    178    786.0000     92.7590     1875.6250      205.6100   136.6880    66.2310    2.7743E+00    5.6522E-01    4.3500E-01      1019    305    128     72   1.64    2.7513E-01    2.6340E+01
  3100    176    789.0000     96.3745     1856.0140      125.6460   121.7380    65.8404    2.8569E+00    5.7460E-01    3.1500E-01      1045    296    125     43   1.64    2.0217E-01    2.9769E+01
  3064    174    793.0000     96.0401     1844.6430      125.3160   115.4780    65.7313    2.8636E+00    6.2183E-01    3.4500E-01      1022    265    125     39   1.50    2.4941E-01    3.2077E+01
  3048    173    796.0000    104.7435     1839.3390      166.8160   115.5670    65.5989    3.0402E+00    6.0817E-01    4.3500E-01      1035    261    128     61   1.40    2.6171E-01    3.1227E+01
  3041    173    800.0000     96.0056     1834.9920      110.9460    96.2720    65.5823    2.8702E+00    6.4259E-01    3.1500E-01      1018    276    127     35   1.60    2.4916E-01    3.1328E+01
  3038    172    803.0000    101.8038     1829.6380      159.3860    66.1420    65.3163    2.9834E+00    6.4299E-01    4.6500E-01      1064    257    138     61   1.79    3.0715E-01    2.9507E+01
  3038    172    807.0000    104.1803     1827.8540      133.4160    55.7260    65.4167    3.0287E+00    6.2063E-01    3.6000E-01      1080    280    135     48   1.86    2.5739E-01    3.2139E+01
  3039    171    810.0000    118.6255     1826.6240      150.4480    69.3930    61.0879    3.3012E+00    6.3852E-01    4.2000E-01      1070    275    130     52   1.84    2.8767E-01    3.5572E+01
  3037    171    814.0000    113.0727     1826.2670      115.6440   100.0210    64.9649    3.1984E+00    6.9528E-01    3.7500E-01      1030    245    127     35   1.83    2.5761E-01    3.7149E+01
  3019    170    817.0000    104.0297     1822.0740      173.3860   138.9530    64.5288    3.0335E+00    6.8611E-01    4.9500E-01       977    244    128     58   1.80    3.1078E-01    2.8842E+01
  2976    167    820.0000     98.7526     1797.1890      152.8940   160.8560    65.2112    2.9407E+00    6.2817E-01    4.2000E-01       936    249    122     53   1.71    2.7598E-01    3.5453E+01
  2912    158    824.0000     94.0645     1764.6320      180.0700   167.6700    64.5279    2.8650E+00    6.0226E-01    4.6500E-01       911    261    124     66   1.65    2.7747E-01    3.0298E+01
  2857    156    827.0000     91.9136     1742.8340      104.9080   167.8250    64.4862    2.8403E+00    6.7835E-01    3.7500E-01       914    220    118     34   1.71    2.9328E-01    3.0163E+01
  2763    152    831.0000     85.2643     1704.3900      123.2240   144.3510    64.1260    2.7334E+00    6.6376E-01    3.9000E-01       849    247    116     42   1.67    2.5830E-01    3.3812E+01
  2632    146    834.0000     84.2091     1647.8590      169.6420   109.7950    63.4152    2.7559E+00    6.3972E-01    4.8000E-01       857    251    115     61   1.58    2.8065E-01    2.9691E+01
  2545    141    838.0000     83.6114     1612.1680      137.7880    93.1650    63.0213    2.7756E+00    6.3368E-01    4.2000E-01       846    238    111     48   1.47    2.9845E-01    2.9313E+01
  2480    139    841.0000     78.3814     1582.1800      139.2760    84.1960    62.2584    2.6813E+00    6.1058E-01    3.9000E-01       823    241    109     48   1.34    2.7010E-01    2.8476E+01
  2433    137    845.0000     76.5278     1560.3900       95.5340    76.0110    62.1729    2.6555E+00    5.1460E-01    2.7000E-01       805    246    108     31   1.24    2.2134E-01    3.1902E+01
  2400    136    848.0000     70.3680     1548.6430      128.5240    73.5220    61.9423    2.5243E+00    5.5277E-01    3.3000E-01       786    265    109     45   1.25    2.2297E-01    3.3606E+01
  2382    136    852.0000     67.8015     1541.5820       85.2800    71.3210    61.8116    2.4693E+00    5.4459E-01    1.9500E-01       816    253    108     23   1.52    1.8666E-01    3.6226E+01
  2382    135    855.0000     63.4899     1538.9490      153.2860    55.2440    57.6471    2.3621E+00    6.0190E-01    3.9000E-01       849    250    112     55   1.93    2.6133E-01    2.9174E+01
  2382    135    859.0000     84.0782     1538.9430       75.1120    41.0460    54.7892    2.8486E+00    5.6415E-01    2.1000E-01       841    207    115     23   1.80    2.0016E-01    3.2218E+01
  2380    135    862.0000     93.5967     1538.3160      125.2640    51.5730    57.7039    3.0607E+00    6.4332E-01    3.6000E-01       816    218    107     33   1.68    2.5103E-01    4.1910E+01
  2363    134    865.0000     88.1999     1531.6900      119.8180    54.9760    61.7832    2.9497E+00    5.5030E-01    3.3000E-01       806    232    111     39   1.54    2.4330E-01    3.2955E+01
  2333    133    869.0000     85.5025     1516.3200      116.0820    61.4850    60.7928    2.9006E+00    5.6244E-01    3.1500E-01       802    239    107     38   1.32    2.1694E-01    3.1519E+01
  2319    133    872.0000     84.8611     1509.7300      157.6380    68.0280    61.3085    2.8917E+00    5.1513E-01    3.4500E-01       792    232     97     49   1.27    2.5262E-01    3.2338E+01
  2299    132    876.0000     78.4228     1501.3220      130.6940    76.1590    60.8616    2.7520E+00    5.3371E-01    3.6000E-01       791    265    103     41   1.33    2.6193E-01    3.6557E+01
  2276    132    879.0000     72.0086     1489.4600      137.3220    90.9450    60.3419    2.6078E+00    5.2014E-01    3.4500E-01       770    257    102     48   1.33    2.2844E-01    3.1949E+01
  2262    131    883.0000     81.1709     1480.8490       82.4900   110.7410    61.1899    2.8291E+00    5.7905E-01    2.2500E-01       762    233     99     25   1.36    1.9857E-01    3.4098E+01
  2237    130    886.0000     77.6771     1466.7560      111.5680   124.0420    60.2995    2.7559E+00    4.8352E-01    2.8500E-01       737    237     91     35   1.36    2.3012E-01    3.7095E+01
  2199    128    890.0000     67.7692     1447.7280       76.5860   127.5390    60.7339    2.5299E+00    4.2646E-01    1.8000E-01       696    250     91     23   1.32    1.7454E-01    3.2907E+01
  2143    127    893.0000     73.3950     1425.4440       86.2540   116.3300    60.4025    2.6934E+00    4.4175E-01    2.2500E-01       710    249     85     25   1.23    1.9854E-01    3.4821E+01
  2081    123    897.0000     75.6723     1394.3780       56.4740   102.6160    60.0006    2.7746E+00    4.6506E-01    1.5000E-01       708    228     87     17   1.15    1.6427E-01    3.4040E+01
  2034    120    900.0000     68.5826     1373.7660       59.1400    88.3730    59.4310    2.6193E+00    3.9690E-01    1.3500E-01       668    238     83     15   1.11    1.4345E-01    3.6957E+01
  2005    119    904.0000     63.1451     1361.0410       65.1100    83.1490    59.5073    2.4915E+00    4.0232E-01    1.9500E-01       672    254     85     21   1.20    1.8636E-01    3.0639E+01
  1990    119    907.0000     63.8798     1352.4570       81.8060    74.5860    58.4482    2.5162E+00    4.1966E-01    1.8000E-01       670    235     81     19   1.39    1.8639E-01    4.3015E+01
  1984    119    911.0000     63.5928     1349.3840       55.1000    70.3130    59.0854    2.5111E+00    3.9346E-01    1.3500E-01       685    241     82     15   1.65    1.4979E-01    3.5591E+01
  1978    119    914.0000     71.6137     1347.9570       87.9200    68.3230    57.9106    2.7217E+00    4.0274E-01    1.9500E-01       680    211     82     23   1.68    1.6784E-01    3.9019E+01
  1976    119    917.0000     69.8334     1346.3410       65.7680    68.6600    59.0107    2.6769E+00    4.1317E-01    1.8000E-01       685    242     88     21   1.61    1.6645E-01    3.1405E+01
  1966    118    921.0000     72.6127     1342.0680       74.1780    66.5360    59.1738    2.7524E+00    4.3891E-01    1.6500E-01       684    238     90     23   1.45    1.5549E-01    3.3192E+01
  1957    118    924.0000     67.7892     1338.8700       42.6420    69.4130    56.8901    2.6339E+00    4.4287E-01    1.0500E-01       681    219     87     11   1.48    1.5160E-01    3.9615E+01
  1955    118    928.0000     70.7461     1338.4360       68.6920    79.9230    57.7560    2.7112E+00    5.2764E-01    1.9500E-01       669    211     84     19   1.49    1.9582E-01    3.6352E+01
  1948    117    931.0000     76.0992     1333.3000       44.1280    88.6910    57.7258    2.8485E+00    4.7626E-01    1.6500E-01       665    195     83     13   1.42    1.8671E-01    3.1580E+01
  1936    116    935.0000     72.5430     1326.3920       39.0640   111.2500    58.2832    2.7639E+00    4.8799E-01    1.0500E-01       643    205     86     10   1.38    1.7889E-01    3.5130E+01
  1917    116    938.0000     76.0953     1317.5190       71.1060   125.3460    58.4680    2.8630E+00    4.0245E-01    1.6500E-01       628    204     78     20   1.30    1.6491E-01    3.5553E+01
  1884    115    942.0000     73.8629     1298.0340       78.9600   137.2150    58.6030    2.8204E+00    4.1989E-01    1.9500E-01       607    198     79     21   1.22    1.9073E-01    3.8075E+01
  1853    111    945.0000     71.5219     1280.0900       65.8660   138.5140    58.1080    2.7736E+00    3.9166E-01    1.5000E-01       598    199     73     17   1.15    1.6263E-01    3.6887E+01
  1820    106    949.0000     63.3529     1261.6370       50.9000   144.1000    58.1115    2.5718E+00    4.2824E-01    1.5000E-01       569    196     71     14   1.19    1.8826E-01    3.5718E+01
  1773    104    952.0000     60.0343     1236.4620       70.1460   126.3400    57.6225    2.5013E+00    3.8368E-01    1.8000E-01       564    210     67     16   1.18    2.0310E-01    4.1827E+01
  1728    102    956.0000     64.0453     1211.2970      118.4320   113.7920    57.2489    2.6316E+00    4.1298E-01    2.8500E-01       568    194     71     35   1.27    2.2237E-01    3.6647E+01
  1691    101    959.0000     61.6264     1192.8360       41.1180   103.2130    56.9902    2.5832E+00    4.2820E-01    1.2000E-01       552    193     68     12   1.53    1.8420E-01    3.5589E+01
  1660     97    962.0000     57.1504     1177.7550       73.6420    85.4760    56.6745    2.4719E+00    4.3636E-01    1.8000E-01       567    198     69     19   1.74    1.8107E-01    3.7893E+01
  1628     94    966.0000     55.1976     1164.4680      101.6220    84.6430    56.3211    2.4327E+00    4.3702E-01    2.4000E-01       528    230     75     32   1.82    1.9484E-01    3.4165E+01
  1601     90    969.0000     56.1187     1150.4550       45.4400    78.2750    56.2270    2.4729E+00    3.9804E-01    1.6500E-01       534    202     72     12   1.54    2.1278E-01    3.6124E+01
  1593     88    973.0000     53.8773     1148.3320       42.5620    73.7830    55.2231    2.4120E+00    3.8861E-01    9.0000E-02       567    195     67     11   1.43    1.4424E-01    3.8582E+01
  1592     88    976.0000     59.1044     1148.0810       52.4760    57.9960    54.6469    2.5663E+00    4.3600E-01    1.3500E-01       552    180     72     12   1.51    1.9516E-01    3.6093E+01
  1591     88    980.0000     66.3099     1147.2790       52.4100    34.6570    55.0063    2.7712E+00    4.2818E-01    1.5000E-01       563    192     75     14   1.54    1.7100E-01    3.5097E+01
  1585     87    983.0000     65.7781     1141.6890       30.7100    27.0480    49.1511    2.7577E+00    4.8718E-01    1.2000E-01       563    196     74      9   1.49    1.6124E-01    3.4380E+01
  1585     88    987.0000     72.2436     1144.2480       71.5100    32.5600    52.8131    2.9378E+00    4.7920E-01    2.5500E-01       576    190     76     23   1.45    2.3400E-01    3.0823E+01
  1580     89    990.0000     72.9265     1143.3220       69.6400    49.3010    55.0982    2.9607E+00    4.9182E-01    2.2500E-01       558    173     70     20   1.42    2.2266E-01    3.4820E+01
  1564     89    994.0000     71.3732     1134.4940       47.0680    67.5410    55.8694    2.9277E+00    4.9705E-01    1.3500E-01       533    171     71     12   1.38    1.8960E-01    3.5740E+01
  1536     86    997.0000     62.0253     1117.5180       42.0480    94.3220    55.6431    2.6799E+00    4.8529E-01    1.5000E-01       532    162     67     11   1.27    2.1294E-01    3.7324E+01
  1512     84   1001.0000     60.5113     1104.9770       36.4480   120.9000    53.7810    2.6496E+00    4.2191E-01    1.5000E-01       494    187     68     11   1.24    1.7906E-01    3.0393E+01
  1494     82   1004.0000     59.0256     1094.2990       46.6720   136.6980    55.2107    2.6152E+00    3.8226E-01    1.6500E-01       481    176     64     15   1.38    2.0805E-01    3.1966E+01
  1463     79   1007.0000     55.0639     1079.8930       31.0240   140.3800    55.0636    2.5153E+00    4.6097E-01    1.3500E-01       461    175     62      9   1.32    1.8837E-01    3.2851E+01
  1435     77   1011.0000     53.2562     1059.0310       52.5880   130.9310    54.7811    2.4707E+00    4.3241E-01    1.9500E-01       443    172     61     16   1.34    2.0982E-01    3.2159E+01
  1351     71   1014.0000     54.2240     1005.0890       45.5180    82.1800    53.5897    2.5419E+00    4.1550E-01    1.6500E-01       456    166     59     14   1.24    1.7775E-01    3.3320E+01
  1290     69   1018.0000     52.3225      981.9540       59.1140    67.2340    53.3751    2.5276E+00    3.6330E-01    2.1000E-01       434    157     58     20   1.16    1.9775E-01    2.9557E+01
  1250     65   1021.0000     53.9502      963.7170       90.7480    58.4550    52.7249    2.6092E+00    4.4885E-01    2.7000E-01       446    176     60     27   1.10    2.2180E-01    3.5566E+01
  1224     63   1025.0000     49.7561      949.5550       65.1480    53.4830    52.8364    2.4891E+00    4.0123E-01    2.4000E-01       427    166     56     19   1.05    2.4123E-01    3.3651E+01
  1208     61   1028.0000     49.1374      939.8420       66.1320    49.3440    51.7016    2.4781E+00    4.2217E-01    1.9500E-01       426    170     58     18   1.06    2.0531E-01    3.6265E+01
  1206     61   1032.0000     49.5925      935.6130       45.0520    45.8770    52.1073    2.4920E+00    3.8119E-01    1.5000E-01       436    164     56     13   1.29    1.8639E-01    3.3360E+01
  1204     62   1035.0000     49.7769      935.2070       33.6280    38.9000    50.7750    2.5001E+00    3.6615E-01    1.0500E-01       452    164     54      8   1.48    1.5743E-01    3.5998E+01
  1203     63   1039.0000     53.3163      935.1950       32.9020    28.4480    47.7782    2.6185E+00    4.8603E-01    1.0500E-01       441    147     59      9   1.39    2.0380E-01    3.4237E+01
  1202     64   1042.0000     61.1987      935.1890       82.1900    31.4690    42.7700    2.8719E+00    4.0702E-01    2.5500E-01       441    155     55     23   1.28    2.4154E-01    3.6996E+01
  1203     63   1046.0000     61.6219      935.1830       32.9280    39.9880    46.3655    2.8838E+00    5.2165E-01    1.2000E-01       428    140     56      7   1.18    2.7005E-01    3.8156E+01
  1204     60   1049.0000     61.0908      933.9820       38.4100    44.8500    50.1850    2.8646E+00    4.7852E-01    9.0000E-02       429    138     55      9   1.17    1.8636E-01    3.7502E+01
  1200     61   1053.0000     64.0833      933.1560       67.9320    50.6070    52.0854    2.9621E+00    5.9127E-01    1.9500E-01       420    131     59     16   1.18    2.5228E-01    4.0951E+01
  1192     59   1056.0000     67.1840      924.7630       30.4280    64.0300    52.0581    3.0591E+00    5.4790E-01    1.2000E-01       416    130     58     10   1.19    2.3736E-01    2.8181E+01
  1181     58   1059.0000     57.5114      917.7140       28.7040    75.9850    51.7450    2.7652E+00    5.8051E-01    1.2000E-01       400    132     57      7   1.22    2.4935E-01    3.3085E+01
  1171     58   1063.0000     53.1098      908.4040       24.1060    85.4550    50.1227    2.6258E+00    4.5746E-01    7.5000E-02       393    150     55      5   1.25    2.2077E-01    3.7533E+01
  1150     58   1066.0000     56.1154      896.6610       63.9360    89.5050    51.6219    2.7397E+00    5.2314E-01    3.0000E-01       373    131     53     19   1.23    3.1169E-01    3.2900E+01
  1119     57   1070.0000     53.4854      879.1270       66.9180    90.9170    51.3770    2.6764E+00    5.2870E-01    3.0000E-01       359    122     56     21   1.26    2.8124E-01    3.1697E+01
  1066     53   1073.0000     51.3455      850.7680      115.8080    80.5580    50.9282    2.6468E+00    5.6820E-01    4.3500E-01       350    133     52     37   1.22    3.3239E-01    3.4381E+01
  1018     48   1077.0000     47.1287      823.0620       40.0660    77.8950    49.7213    2.5366E+00    5.0298E-01    2.5500E-01       341    128     54     11   1.22    3.1460E-01    3.1759E+01
   980     46   1080.0000     39.0679      801.2220       82.8320    74.2010    49.8660    2.2658E+00    5.0721E-01    3.9000E-01       334    139     48     25   1.13    3.4053E-01    3.5123E+01
   956     46   1084.0000     36.1942      789.5490       80.3780    66.7360    49.3828    2.1725E+00    4.4311E-01    3.3000E-01       317    134     46     25   1.37    2.8515E-01    3.3256E+01
   952     46   1087.0000     33.2020      785.1160       74.1580    58.6990    48.7848    2.0519E+00    5.1774E-01    3.7500E-01       325    133     51     27   1.62    3.1770E-01    2.6928E+01
   952     46   1091.0000     41.7533      785.1100       34.2800    52.3060    47.8506    2.3906E+00    4.9921E-01    2.4000E-01       338    126     50     11   1.58    3.0943E-01    3.0686E+01
   951     46   1094.0000     44.7882      784.9230       83.3160    53.3760    47.5762    2.5064E+00    5.2721E-01    4.0500E-01       323    124     48     26   1.43    3.7770E-01    3.3532E+01
   950     46   1098.0000     38.2697      784.3920       82.4400    56.3710    47.5205    2.2577E+00    5.2137E-01    4.0500E-01       307    124     47     25   1.29    3.4856E-01    3.1534E+01
   950     46   1101.0000     43.1567      783.4160       77.9320    63.0140    49.3158    2.4450E+00    4.8738E-01    3.6000E-01       324    120     49     24   1.33    3.4678E-01    3.4790E+01
   950     46   1104.0000     42.0053      783.2120       77.9340    61.8380    46.6554    2.4011E+00    5.4645E-01    3.6000E-01       329    114     47     23   1.50    3.3298E-01    3.5396E+01
   950     46   1108.0000     41.2183      782.0990       76.3040    64.5490    46.6986    2.3699E+00    4.5744E-01    3.3000E-01       318    120     49     24   1.51    2.9125E-01    3.2471E+01
   946     46   1111.0000     47.2721      780.1510       59.1700    76.0010    48.8295    2.6005E+00    5.0523E-01    3.1500E-01       323    110     47     17   1.50    3.2505E-01    3.2830E+01
   938     46   1115.0000     42.9544      777.7760       48.6720   103.9060    49.2786    2.4487E+00    4.9880E-01    2.8500E-01       302    120     45     16   1.56    3.3057E-01    2.9536E+01
   913     44   1118.0000     33.9103      764.0350       70.0500   136.6040    49.1768    2.1106E+00    4.7089E-01    2.8500E-01       269    133     43     20   1.52    2.8353E-01    3.5025E+01
   868     42   1122.0000     30.3804      728.9250       83.9640   130.3030    48.2964    1.9857E+00    4.8343E-01    3.9000E-01       252    109     38     25   1.36    3.7199E-01    3.5573E+01
   804     38   1125.0000     29.6609      696.4800       31.2760   110.7550    47.6506    2.0079E+00    4.6705E-01    1.6500E-01       250    118     39      7   1.19    3.3348E-01    3.3291E+01
   730     36   1129.0000     27.2082      648.1330       87.7140    73.3100    46.4080    1.9517E+00    4.9252E-01    4.3500E-01       242    118     39     28   1.03    3.5117E-01    3.4573E+01
   687     37   1132.0000     27.8343      621.0450       63.3400    47.2480    46.0170    2.0196E+00    5.0842E-01    3.6000E-01       249    108     35     18   0.98    3.9503E-01    3.4684E+01
   669     37   1136.0000     25.4195      608.7900       71.5300    40.1100    44.7942    1.9162E+00    4.9947E-01    3.4500E-01       238    111     38     21   1.08    3.3685E-01    3.3953E+01
   658     37   1139.0000     27.3444      600.2900       80.1420    34.7590    45.2747    2.0205E+00    5.0416E-01    4.2000E-01       234    101     38     26   1.17    3.8737E-01    2.8446E+01
   645     37   1143.0000     30.7569      593.6940       91.2260    39.2010    43.2977    2.2012E+00    4.6849E-01    3.9000E-01       247    115     37     28   1.15    3.1694E-01    3.3697E+01
   635     36   1146.0000     26.6693      588.6030      104.7640    43.6100    44.8321    2.0129E+00    4.9129E-01    4.8000E-01       232    113     36     34   1.11    3.9488E-01    3.2512E+01
   628     35   1150.0000     21.7597      582.6010       65.5100    40.8800    44.6525    1.7623E+00    4.4246E-01    3.9000E-01       227    125     35     22   1.24    3.7433E-01    2.9328E+01
   628     35   1153.0000     25.2982      582.5980       82.0880    30.8320    41.2299    1.9485E+00    4.6997E-01    3.9000E-01       237    121     41     31   1.44    3.2617E-01    2.5333E+01
   628     35   1156.0000     31.7248      582.3300       94.5100    21.5280    37.1288    2.2655E+00    5.0714E-01    4.6500E-01       247    108     39     31   1.32    3.7916E-01    2.9220E+01
   629     36   1160.0000     31.5305      583.5710       88.3420    25.1860    44.2439    2.2559E+00    5.2203E-01    4.8000E-01       236    121     39     29   1.21    3.8163E-01    3.3278E+01
   626     36   1163.0000     32.3646      581.9670       47.0520    31.3090    43.2390    2.2994E+00    5.1530E-01    3.0000E-01       234    110     44     15   1.06    3.1955E-01    2.9799E+01
   624     36   1167.0000     35.0159      580.5530       78.0660    35.8910    43.1208    2.4256E+00    4.0620E-01    3.6000E-01       230    114     37     28   1.02    2.8732E-01    2.6807E+01
   620     36   1170.0000     29.1739      577.1110       53.4980    44.3870    44.0974    2.1510E+00    4.6935E-01    3.0000E-01       228    111     38     18   0.97    3.0874E-01    2.9115E+01
   611     36   1174.0000     26.4466      569.5030       40.8960    63.6470    44.3090    2.0219E+00    3.7238E-01    2.4000E-01       218    119     30     12   0.93    2.9638E-01    3.3458E+01
   606     36   1177.0000     26.6747      565.5730       39.6760    82.7910    44.3715    2.0379E+00    4.1403E-01    2.1000E-01       204    103     31     12   0.91    3.1819E-01    3.2132E+01
   598     35   1181.0000     23.7812      557.3660       31.0200    84.1490    43.3570    1.8922E+00    3.9617E-01    1.6500E-01       201    104     31      8   0.94    3.0873E-01    3.3318E+01
   590     33   1184.0000     23.5590      550.5380       37.2600    83.2990    43.4629    1.8865E+00    4.2869E-01    2.1000E-01       193     98     29     10   1.01    3.1839E-01    3.3415E+01
   578     34   1188.0000     21.7319      541.4290       31.2880    73.7570    43.7790    1.7978E+00    4.1123E-01    1.9500E-01       190     90     27      8   1.08    3.1134E-01    3.2814E+01
   566     34   1191.0000     21.8321      531.2750       57.2440    69.2430    42.9229    1.8125E+00    4.0471E-01    3.3000E-01       185     93     29     19   1.15    3.3688E-01    3.0570E+01
   544     32   1195.0000     19.5622      513.5430       42.9000    58.4960    43.0573    1.7019E+00    3.7200E-01    2.4000E-01       189    104     30     14   1.14    2.6804E-01    3.0397E+01
   528     32   1198.0000     19.9472      501.8560       53.0860    50.4650    42.3806    1.7389E+00    4.1802E-01    2.7000E-01       183     93     28     15   1.02    2.9784E-01    3.4557E+01
   517     31   1201.0000     20.7928      494.5840       44.8140    56.3630    42.4901    1.7995E+00    3.6615E-01    2.4000E-01       172     91     27     13   0.97    2.8176E-01    3.1298E+01
   502     29   1205.0000     20.3564      486.4620       37.1940    44.9880    41.5955    1.7928E+00    3.6885E-01    1.6500E-01       177     98     27      9   0.96    2.8291E-01    3.4270E+01
   497     29   1208.0000     23.1565      482.8620       64.8860    41.4830    41.3719    1.9594E+00    5.0324E-01    4.6500E-01       180     85     31     21   1.02    4.4314E-01    3.0686E+01
   495     29   1212.0000     26.5678      480.3630       64.2120    38.9410    39.8608    2.1483E+00    4.7508E-01    3.9000E-01       184     88     27     19   1.35    4.0806E-01    3.4016E+01
   494     29   1215.0000     29.3003      478.8680       30.5500    25.7480    39.9347    2.2933E+00    4.2737E-01    2.7000E-01       185     74     28      9   1.59    3.7539E-01    3.3438E+01
   493     29   1219.0000     28.0474      478.1500       35.7460    26.4450    40.4874    2.2288E+00    4.2445E-01    2.4000E-01       188     80     29     10   1.51    3.2575E-01    3.4359E+01
   491     29   1222.0000     27.7364      477.7740       37.6820    27.1020    41.2002    2.2166E+00    4.8226E-01    2.7000E-01       195     79     30     12   1.36    3.6159E-01    3.2335E+01
   486     28   1226.0000     26.6132      473.7910       73.7800    32.0190    41.2286    2.1622E+00    4.1623E-01    3.3000E-01       182     85     30     22   1.24    3.2077E-01    3.3126E+01
   482     28   1229.0000     28.5101      471.6560       83.2020    44.2160    41.5988    2.2705E+00    5.2405E-01    5.1000E-01       171     80     28     26   1.21    4.3848E-01    3.1414E+01
   471     28   1233.0000     32.2028      464.8970       33.5140    46.6170    40.9401    2.4815E+00    4.2824E-01    2.7000E-01       177     72     29     11   1.17    3.0825E-01    3.2343E+01
   454     28   1236.0000     28.6249      451.8100       61.0080    45.0350    40.0814    2.3178E+00    4.6282E-01    4.2000E-01       169     73     27     19   1.14    4.2491E-01    3.1896E+01
   430     26   1240.0000     22.9781      436.0600       25.2180    38.7940    40.5698    2.0371E+00    3.8653E-01    2.1000E-01       162     84     28      9   1.04    3.2259E-01    2.7067E+01
   411     24   1243.0000     19.9530      423.8540       68.5500    38.4930    40.2452    1.8817E+00    4.0527E-01    3.9000E-01       160     74     24     22   0.94    3.8323E-01    2.9527E+01
   393     24   1247.0000     19.1003      412.3700       63.0840    41.9900    39.7300    1.8550E+00    4.0587E-01    3.0000E-01       148     79     24     19   0.86    3.3339E-01    3.2801E+01
   381     24   1250.0000     19.5806      404.1800       23.3600    44.0230    39.0968    1.9047E+00    3.5754E-01    1.3500E-01       144     70     24      8   0.81    2.8257E-01    3.0572E+01
   372     24   1253.0000     20.0826      398.0450       30.4720    45.4850    39.5555    1.9520E+00    3.3775E-01    1.5000E-01       142     77     25      9   0.85    2.4707E-01    3.1340E+01
   355     22   1257.0000     17.8523      381.3590       48.9840    34.8660    38.5570    1.8240E+00    2.9793E-01    2.4000E-01       144     83     22     15   0.94    2.9300E-01    3.2979E+01
   343     21   1260.0000     17.1948      371.3070       20.6560    28.1400    38.1980    1.7957E+00    3.9442E-01    1.5000E-01       143     74     25      7   0.94    2.7277E-01    2.9551E+01
   340     22   1264.0000     14.7880      369.7130       30.7900    24.0630    36.2563    1.6292E+00    2.6925E-01    1.5000E-01       139     90     20      7   1.17    2.6925E-01    3.5769E+01
   341     21   1267.0000     21.9775      369.7040       47.5900    24.1950    34.6345    2.1184E+00    5.1493E-01    4.0500E-01       143     67     22     14   1.07    5.1477E-01    3.3418E+01
   340     22   1271.0000     27.7214      369.5290       34.4540    24.1540    35.2717    2.4766E+00    5.0900E-01    3.6000E-01       140     61     23     11   0.96    4.8945E-01    3.1295E+01
   339     22   1274.0000     29.9864      366.9390       36.1440    30.5620    34.4518    2.6077E+00    4.8378E-01    3.4500E-01       138     64     25     12   0.85    4.4099E-01    2.6875E+01
   339     22   1278.0000     30.0524      366.9330       17.7740    34.6600    37.3594    2.6115E+00    4.2398E-01    1.6500E-01       136     56     22      6   0.81    3.6501E-01    3.0380E+01
   334     22   1281.0000     26.5096      363.5630       17.9620    36.5440    38.1455    2.4135E+00    3.8811E-01    1.6500E-01       134     68     24      7   0.75    3.4945E-01    2.6614E+01
   328     19   1285.0000     28.1267      353.8880       25.3840    30.5320    37.7213    2.5123E+00    3.8705E-01    2.1000E-01       132     58     21      8   0.66    3.8353E-01    3.0485E+01
   327     19   1288.0000     29.0981      352.8820       51.3380    34.1230    37.5195    2.5715E+00    4.3066E-01    3.9000E-01       129     71     20     16   0.70    4.3066E-01    3.2325E+01
   323     18   1292.0000     23.2930      348.6200       27.5640    33.8600    36.8469    2.2225E+00    4.1445E-01    2.2500E-01       126     56     20      8   0.72    4.1445E-01    3.2204E+01
   322     18   1295.0000     24.2746      346.8690       52.8700    35.1860    36.2133    2.2844E+00    3.5546E-01    3.0000E-01       127     66     23     18   0.77    3.1676E-01    2.8130E+01
   320     18   1298.0000     26.5919      344.4040       15.4660    37.7370    37.6532    2.4298E+00    3.6047E-01    7.5000E-02       125     61     20      4   0.78    3.6047E-01    3.0730E+01
   316     18   1302.0000     27.4974      341.9720       17.4680    39.0400    37.1978    2.4953E+00    2.6990E-01    7.5000E-02       123     56     21      5   0.77    2.4026E-01    3.0075E+01
   313     18   1305.0000     29.8584      339.0010       17.3760    43.4580    37.4380    2.6418E+00    3.0742E-01    1.2000E-01       123     59     18      6   0.77    3.3041E-01    3.1959E+01
   308     17   1309.0000     29.7103      331.5620       22.8900    43.8130    36.3874    2.6360E+00    3.9728E-01    1.0500E-01       118     41     22      7   0.70    3.9283E-01    2.7749E+01
   298     16   1312.0000     31.6698      320.4460       38.9140    38.6740    35.6051    2.7674E+00    3.1768E-01    2.5500E-01       115     49     19     13   0.63    3.4935E-01    2.9711E+01
   291     17   1316.0000     30.2333      314.1910       27.5940    34.9720    36.4704    2.6991E+00    3.7738E-01    2.4000E-01       112     48     19     10   0.62    3.9407E-01    3.0131E+01
   283     17   1319.0000     27.0625      308.5820       39.4920    33.1570    36.2600    2.5287E+00    4.6851E-01    3.7500E-01       114     49     20     13   0.61    4.6851E-01    2.8975E+01
   281     17   1323.0000     29.0035      306.2760       59.7180    33.9110    35.8847    2.6515E+00    4.3936E-01    4.8000E-01       113     43     17     19   0.62    5.2235E-01    3.1413E+01
   275     15   1326.0000     30.5966      299.0170       28.6680    28.8290    69.0074    2.7569E+00    4.9678E-01    2.8500E-01       112     45     17      9   0.59    5.2160E-01    3.2285E+01
   272     16   1330.0000     28.2090      295.9220       34.5720    28.4100    35.3513    2.6175E+00    4.7077E-01    3.9000E-01       110     48     18     10   0.71    4.9484E-01    3.0591E+01
   271     16   1333.0000     25.0468      294.1430       27.4360    25.6250    34.5726    2.4179E+00    4.0322E-01    3.0000E-01       111     48     18      9   0.98    4.2824E-01    2.9296E+01
   269     16   1337.0000     27.6432      292.2620       19.8840    21.2960    33.4168    2.5867E+00    4.0467E-01    2.2500E-01       114     46     17      6   1.18    6.1754E-01    3.2764E+01
   269     16   1340.0000     26.4937      292.2570       30.2120    19.5770    30.3942    2.5145E+00    4.4940E-01    3.0000E-01       113     39     17     10   1.13    5.3587E-01    3.1943E+01
   269     16   1343.0000     29.8380      292.2510       24.2660    20.3860    28.4037    2.7218E+00    4.4240E-01    1.9500E-01       116     46     17      7   1.01    4.7939E-01    3.1616E+01
   269     16   1347.0000     27.4445      292.2180       17.5440    21.0150    35.2642    2.5742E+00    5.0369E-01    2.1000E-01       118     40     19      6   0.87    5.1897E-01    2.9909E+01
   268     16   1350.0000     35.2683      290.8990       21.4000    12.2820    31.4898    3.0440E+00    5.7254E-01    1.6500E-01       117     43     21      7   0.82    5.1008E-01    2.6785E+01
   268     16   1354.0000     39.9461      290.8950       13.1060    13.6570    34.7874    3.3075E+00    4.5536E-01    1.3500E-01       117     40     19      3   0.85    4.6669E-01    2.9822E+01
   266     16   1357.0000     45.6663      289.1110       30.5700    11.2010    28.7973    3.6230E+00    5.9021E-01    3.7500E-01       117     40     19      9   0.87    5.9191E-01    2.9984E+01
   266     16   1361.0000     59.2149      289.0990       21.6860    15.1940    29.3952    4.3081E+00    5.0051E-01    2.8500E-01       116     41     21      9   0.91    4.6812E-01    2.6640E+01
   265     16   1364.0000     42.8567      288.3260       23.2060    34.3080    35.3937    3.4765E+00    4.7425E-01    3.6000E-01       109     40     14      6   0.95    5.5803E-01    3.3491E+01
   261     16   1368.0000     39.6402      284.7960       44.4600    50.5150    34.4114    3.3131E+00    6.3698E-01    6.1500E-01        98     35     14     13   0.94    7.1947E-01    2.9951E+01
   252     15   1371.0000     33.8790      277.4730       27.5380    62.6280    34.5228    3.0127E+00    5.2925E-01    4.0500E-01        89     29     14      9   0.92    6.4494E-01    3.4116E+01
   244     15   1375.0000     27.5374      270.8020       49.5480    72.7160    34.3417    2.6469E+00    4.3851E-01    4.8000E-01        82     34     12     15   0.87    6.9568E-01    3.1510E+01
   218     14   1378.0000     23.7650      246.8040       35.7300    51.9470    33.6572    2.4664E+00    4.2541E-01    4.0500E-01        77     33     13     12   0.83    5.9088E-01    2.9602E+01
   192     12   1382.0000     23.2094      220.0080       31.1520    36.2150    31.2121    2.4946E+00    4.2880E-01    3.9000E-01        72     37     12      9   0.65    6.1846E-01    2.8811E+01
   183     11   1385.0000     21.2594      211.0780       20.3020    34.8710    31.6138    2.3783E+00    3.7785E-01    3.1500E-01        69     32     11      6   0.61    5.6375E-01    3.3214E+01
   173     10   1389.0000     15.6601      202.0790       20.4740    29.8310    30.6600    1.9675E+00    2.4941E-01    1.9500E-01        67     40     10      6   0.66    4.6224E-01    3.1046E+01
   170     10   1392.0000     17.3013      198.3040       16.9120    27.5110    30.5269    2.1082E+00    3.0600E-01    2.4000E-01        64     35     12      5   0.76    4.3452E-01    3.1808E+01
   168     10   1395.0000     16.3217      196.1680       24.3600    26.5230    28.7587    2.0327E+00    3.7500E-01    3.3000E-01        67     39     13      8   0.84    5.0312E-01    2.6092E+01
   168     10   1399.0000     18.2609      196.1530       20.9560    24.3160    29.4338    2.1906E+00    3.3591E-01    2.5500E-01        65     44     13      7   0.85    5.0024E-01    3.0951E+01
   167     10   1402.0000     18.5393      194.5830       25.6580    24.0520    30.9972    2.2136E+00    4.6893E-01    2.5500E-01        64     34     12      8   0.79    6.3633E-01    2.8104E+01
   166     10   1406.0000     22.3100      191.6540       24.6680    21.7320    28.9764    2.4994E+00    3.4957E-01    2.1000E-01        67     27     11      7   0.73    6.5788E-01    3.0690E+01
   166     10   1409.0000     24.9825      191.6480       28.9740    25.3460    30.5576    2.6952E+00    4.3467E-01    3.9000E-01        69     30     13     11   0.72    5.7307E-01    2.7789E+01
   166     10   1413.0000     29.1309      191.6420       15.5700    26.1490    27.7496    2.9858E+00    3.6739E-01    2.7000E-01        67     33     10      4   0.73    6.5356E-01    3.2437E+01
   166     10   1416.0000     26.5449      191.6350       32.5220    27.0090    29.2952    2.8063E+00    4.0766E-01    3.7500E-01        66     29     10      9   0.72    6.5890E-01    3.1325E+01
   164     10   1420.0000     28.6486      189.1810       38.8640    25.2860    26.4439    2.9582E+00    5.2304E-01    6.0000E-01        64     24      9     11   0.73    8.6312E-01    3.1382E+01
   164     10   1423.0000     31.9574      189.1770       31.7440    26.7610    27.1898    3.1818E+00    8.2501E-01    8.2500E-01        64     18     12     11   0.73    1.0250E+00    2.7376E+01
   164     10   1427.0000     32.7371      189.1630       35.8080    33.5510    30.3087    3.2332E+00    1.1078E+00    1.1250E+00        62     11     14     15   0.75    1.2761E+00    2.5738E+01
   161     10   1430.0000     29.0497      184.6080       31.7700    43.2880    27.4072    2.9893E+00    7.1142E-01    7.2000E-01        59     16     10     10   0.76    1.3093E+00    2.8799E+01
   160     10   1434.0000     27.1885      182.9200       24.8600    47.3880    29.7787    2.8605E+00    6.0796E-01    5.4000E-01        55     18      9      7   0.82    1.1016E+00    2.8791E+01
   153     10   1437.0000     20.1504      175.8670       25.7280    51.6350    29.1972    2.3651E+00    5.3320E-01    5.4000E-01        48     20      9      9   0.74    9.9102E-01    2.8542E+01
   142      9   1440.0000     15.6540      162.1790       21.4880    45.7170    29.6793    2.0198E+00    4.1055E-01    4.0500E-01        49     21      8      7   0.70    9.6474E-01    2.9266E+01
   128      9   1444.0000     12.7241      146.9970       40.0640    35.5950    27.7215    1.7931E+00    6.5116E-01    7.2000E-01        45     25     10     15   0.64    9.0055E-01    2.8360E+01
   117      8   1447.0000     14.6972      136.4650       14.2800    30.4190    27.8791    2.0133E+00    4.9191E-01    3.7500E-01        44     16      8      5   0.54    1.0693E+00    2.8244E+01
   113      8   1451.0000     14.4923      132.1840       22.9740    26.8850    27.0701    2.0075E+00    5.9541E-01    6.0000E-01        42     21      8      8   0.53    9.5013E-01    2.8407E+01
   109      7   1454.0000     11.9350      127.2620       33.5700    24.4200    27.1301    1.7727E+00    4.6692E-01    6.1500E-01        41     24      7     11   0.64    9.2084E-01    2.7132E+01
   104      6   1458.0000     12.3276      118.8100       16.4180    22.7290    26.0725    1.8115E+00    3.5565E-01    3.1500E-01        39     18      5      4   0.77    1.0123E+00    2.6647E+01
   105      7   1461.0000     10.1260      122.3540       28.0280    23.2540    25.9362    1.5970E+00    6.0606E-01    6.7500E-01        38     17      6      9   0.83    1.0504E+00    2.8116E+01
   105      7   1465.0000     15.7400      122.3510       35.6360    22.4990    26.3445    2.1429E+00    8.0473E-01    9.6000E-01        40     12      7     12   0.82    1.3349E+00    2.9243E+01
   104      7   1468.0000     18.3601      120.5560       23.2480    19.0870    25.5172    2.3740E+00    6.8638E-01    8.2500E-01        41     10      7      8   0.71    1.3695E+00    2.8397E+01
   104      7   1472.0000     17.6670      120.5500       33.2380    18.9160    25.5012    2.3138E+00    4.8481E-01    5.7000E-01        41     18      7     11   0.69    1.0505E+00    2.9417E+01
   104      7   1475.0000     20.1153      119.4760       13.8040    16.8110    24.2643    2.5154E+00    6.8142E-01    6.1500E-01        41     16     10      6   0.68    1.2772E+00    2.8987E+01
   104      7   1479.0000     21.1157      119.4730       14.5740    18.2020    22.2521    2.5981E+00    7.1811E-01    6.9000E-01        40     13      9      7   0.69    1.2777E+00    2.6370E+01
   104      7   1482.0000     25.5801      119.4710       17.1740    17.4560    21.8824    2.9525E+00    6.7028E-01    5.2500E-01        41     15      8      5   0.70    1.3042E+00    2.8843E+01
   104      7   1486.0000     28.4010      119.4690       19.7580    18.2980    22.7213    3.1657E+00    7.1578E-01    6.9000E-01        42     12      7      6   0.72    1.4384E+00    2.8691E+01
   103      7   1489.0000     31.7038      117.7440       17.0880    17.7710    25.8350    3.4062E+00    9.4128E-01    8.7000E-01        41     11      9      7   0.71    1.6754E+00    2.9447E+01
   100      7   1492.0000     31.3818      115.2480       15.1580    20.0540    25.7901    3.4077E+00    7.5718E-01    5.7000E-01        41     12      8      6   0.65    1.6547E+00    2.9386E+01
