 10027    473      0.0000     38.1705     6275.7010      730.8160     0.0000     9.4807    1.1706E+00    4.7824E-01    3.6000E-01      4793   3917    946    476   2.90    1.1995E-01    5.7380E+00
 10012    483      3.0000     39.3662     6263.2560     1180.8060     0.0000    20.6604    1.1951E+00    4.4551E-01    4.3500E-01      4583   3656    718    688   3.04    1.2280E-01    7.6640E+00
 10010    485      6.0000     52.1494     6088.6500     1667.9620    62.7320   113.2999    1.4282E+00    5.8908E-01    6.7500E-01      4593   2637    764   1113   2.93    1.6443E-01    8.3800E+00
 10001    484     10.0000     58.2303     5820.2060     1195.7360    31.3590   116.7071    1.5151E+00    6.0683E-01    6.1500E-01      4446   2258    728    747   2.84    1.7808E-01    2.5451E+01
  9995    485     13.0000     65.2496     5703.4700     1285.4360     0.8230    93.0878    1.6241E+00    6.3941E-01    6.9000E-01      4473   1973    711    835   2.66    1.7163E-01    2.8656E+01
  9993    484     17.0000     65.9925     5659.0100     1362.2880    22.3150   106.9412    1.6323E+00    6.1744E-01    6.7500E-01      4423   1930    590    754   2.50    1.8089E-01    3.5977E+01
  9992    479     20.0000     68.8604     5614.4720     1122.3480    31.6470   110.8525    1.6749E+00    6.5909E-01    6.6000E-01      4376   1856    696    699   2.43    2.0741E-01    2.4832E+01
  9986    479     24.0000     70.4586     5543.2330     1172.0700    21.0570   108.8456    1.6941E+00    6.3234E-01    6.6000E-01      4262   1703    620    681   2.70    1.6261E-01    2.8427E+01
  9982    478     27.0000     73.8185     5498.2280     1319.0320     8.1580   112.7457    1.7432E+00    6.2842E-01    6.7500E-01      4326   1615    543    661   2.51    1.8434E-01    2.8124E+01
  9975    478     31.0000     76.1579     5458.7250     1139.9000    12.3150   111.7176    1.7763E+00    6.4412E-01    6.6000E-01      4225   1555    558    581   2.44    2.0659E-01    2.8673E+01
  9969    476     34.0000     80.6653     5405.3140     1035.5040    12.6640   112.8896    1.8403E+00    6.7342E-01    6.6000E-01      4210   1476    572    541   2.31    1.9720E-01    2.5521E+01
  9959    476     38.0000     85.7067     5338.4060     1019.9160    16.0860   110.0827    1.9094E+00    7.0318E-01    6.9000E-01      4245   1323    621    593   2.43    1.9881E-01    2.7456E+01
  9948    476     41.0000     85.7562     5299.9620     1170.9820    12.9190   107.4907    1.9068E+00    6.5947E-01    6.9000E-01      4154   1348    525    582   2.33    2.0840E-01    2.9748E+01
  9944    476     45.0000     91.3320     5276.5030     1245.9300    17.1100   112.8387    1.9861E+00    6.7482E-01    7.3500E-01      4126   1216    500    631   2.16    2.4599E-01    3.0367E+01
  9939    475     48.0000     93.4020     5251.3730      973.0500    18.9980   102.8256    2.0134E+00    6.8769E-01    6.6000E-01      4156   1254    530    484   2.27    2.0807E-01    1.1889E+01
  9932    475     51.0000     93.5198     5201.1820      956.0300    18.0760   110.3869    2.0095E+00    6.9435E-01    6.6000E-01      4084   1148    503    449   2.50    2.1386E-01    3.0646E+01
  9927    475     55.0000     99.9009     5195.0670      918.4380    18.5280   109.2911    2.0997E+00    6.9374E-01    6.4500E-01      4126   1134    504    421   2.08    2.0702E-01    4.6310E+01
  9924    474     58.0000     97.8887     5180.2300     1207.8940    18.1050   110.3267    2.0698E+00    6.9991E-01    7.6500E-01      4042   1101    473    588   2.08    2.4090E-01    2.7139E+01
  9921    474     62.0000     97.0035     5168.7960      922.0760    19.6920   111.8259    2.0561E+00    7.0146E-01    6.6000E-01      4020   1096    503    433   2.08    1.9440E-01    3.3697E+01
  9919    473     65.0000    101.4601     5141.9510      734.3260    19.2300   111.5678    2.1152E+00    6.4941E-01    5.4000E-01      4061   1150    466    294   2.06    1.9774E-01    2.8512E+01
  9917    473     69.0000    103.4195     5135.8470      680.8660    20.6580   111.9411    2.1418E+00    6.7430E-01    5.4000E-01      4059   1118    472    286   2.06    1.9056E-01    2.1055E+01
  9910    473     72.0000     99.6211     5108.5130      688.1460    18.7070   110.1951    2.0861E+00    6.6468E-01    5.2500E-01      3972   1099    446    265   2.06    1.7684E-01    3.4547E+01
  9905    472     76.0000    106.4920     5077.7610      547.3640    17.3960   111.3785    2.1772E+00    6.8263E-01    4.8000E-01      4020   1092    472    224   2.03    1.9827E-01    3.7424E+01
  9900    471     79.0000    109.2451     5059.5170      752.0760    16.3100   110.4486    2.2126E+00    6.6105E-01    5.7000E-01      4013   1048    423    305   2.02    2.2434E-01    4.4653E+01
  9897    470     83.0000    110.0497     5052.7140      794.3340    15.0290   107.4770    2.2229E+00    6.8585E-01    5.8500E-01      3956   1004    449    315   1.99    1.9078E-01    3.6158E+01
  9895    469     86.0000    110.9207     5038.3960      699.6460    15.1460   107.9016    2.2327E+00    6.6654E-01    5.4000E-01      3980   1040    441    270   2.00    1.9111E-01    3.6882E+01
  9893    470     90.0000    113.8819     5033.2840      735.3940    15.7270   108.6856    2.2718E+00    6.5591E-01    5.5500E-01      3956    993    399    268   1.97    2.1675E-01    1.7731E+01
  9893    469     93.0000    115.7577     5015.8600      709.5000    16.7550   110.9416    2.2940E+00    6.6468E-01    5.2500E-01      4010   1017    419    265   1.98    1.9630E-01    4.5845E+01
  9888    470     96.0000    115.1762     5003.9170      517.9020    15.3450   108.8740    2.2852E+00    6.6432E-01    4.3500E-01      3918    958    400    170   1.96    1.8433E-01    5.2728E+01
  9886    469    100.0000    118.0893     4978.6660      711.2980    15.1710   107.2816    2.3199E+00    6.8540E-01    5.4000E-01      3926    951    409    254   1.93    2.1762E-01    5.2954E+01
  9884    470    103.0000    120.4525     4972.6920      769.7600    15.0650   110.2151    2.3501E+00    6.7185E-01    5.5500E-01      3943    957    407    265   1.93    1.9840E-01    3.5866E+01
  9881    468    107.0000    120.1532     4950.4160      600.9420    12.7660   110.3648    2.3431E+00    7.0694E-01    5.1000E-01      3901    853    427    216   1.91    2.1161E-01    3.5072E+01
  9878    468    110.0000    126.4323     4933.4410      692.8340    14.0420   109.3409    2.4217E+00    7.2422E-01    5.8500E-01      3955    849    441    267   1.89    1.9549E-01    2.5378E+01
  9878    467    114.0000    128.9197     4924.7030      629.0300    13.6480   109.9958    2.4519E+00    7.3194E-01    5.4000E-01      3979    829    444    236   1.88    2.0243E-01    3.5503E+01
  9875    468    117.0000    132.0515     4916.5840      183.8960    14.3750   110.4404    2.4905E+00    7.1650E-01    3.0000E-01      4018    857    442     60   1.88    1.9084E-01    3.3417E+01
  9870    467    121.0000    125.7440     4907.5850      512.9120    14.0290   110.2578    2.4098E+00    7.2175E-01    4.8000E-01      3872    856    432    183   1.90    2.1594E-01    3.5231E+01
  9868    464    124.0000    136.8925     4886.5490      579.8820    16.1820   108.6371    2.5469E+00    7.3785E-01    5.4000E-01      3907    773    408    192   1.84    2.0700E-01    5.3965E+01
  9864    464    128.0000    135.4363     4870.4670      373.4860    17.3550   109.9953    2.5266E+00    7.8481E-01    4.5000E-01      3955    773    466    121   1.93    1.9807E-01    3.1838E+01
  9854    461    131.0000    100.2083     4855.9210     1003.2700    13.3380   108.5295    2.0661E+00    6.9541E-01    7.0500E-01      3882   1082    450    470   2.69    2.3908E-01    3.0788E+01
  9845    460    135.0000    158.7237     4845.1120      482.5760    19.9540   108.4092    2.8068E+00    7.4199E-01    5.2500E-01      3856    723    386    165   2.33    2.1884E-01    3.9813E+01
  9817    460    138.0000    162.8561     4826.2450      512.5200    25.1420   109.0881    2.8564E+00    7.5200E-01    5.2500E-01      3724    691    370    168   1.96    2.1694E-01    3.5590E+01
  9789    459    142.0000    153.1410     4810.7110      332.9640    41.9220   109.7101    2.7433E+00    7.3562E-01    4.0500E-01      3784    714    374    101   1.92    1.8110E-01    6.1657E+01
  9762    455    145.0000    148.8151     4783.2140      388.7720    76.5430   109.4183    2.6906E+00    7.3524E-01    4.2000E-01      3695    644    379    112   1.88    2.0429E-01    3.1124E+01
  9730    452    148.0000    148.2010     4763.9940      571.1480   100.2840   108.2531    2.6847E+00    7.6301E-01    5.5500E-01      3671    695    403    196   1.83    2.3560E-01    3.6512E+01
  9689    453    152.0000    151.5631     4742.7670      452.7940   139.2350   109.3205    2.7279E+00    6.9953E-01    4.2000E-01      3551    692    347    122   1.79    1.8174E-01    4.8557E+01
  9643    452    155.0000    144.1883     4719.6880      281.6100   182.4530   109.1644    2.6417E+00    7.1426E-01    3.0000E-01      3494    708    369     66   1.80    1.7398E-01    3.7663E+01
  9597    452    159.0000    142.7894     4685.6210      286.0600   235.3460   107.6062    2.6256E+00    7.3600E-01    3.6000E-01      3368    653    354     77   1.76    1.8708E-01    4.9943E+01
  9556    448    162.0000    141.0509     4659.8250      169.7600   278.8590   108.4029    2.6060E+00    7.4018E-01    1.8000E-01      3326    673    349     32   1.77    1.4405E-01    5.5724E+01
  9500    441    166.0000    141.0880     4625.0160      197.0280   304.8090   108.3572    2.6089E+00    7.4526E-01    2.7000E-01      3260    661    362     45   1.74    1.8227E-01    3.7945E+01
  9424    438    169.0000    140.8630     4577.9580      324.1000   317.4810   108.0347    2.6095E+00    7.2339E-01    4.0500E-01      3204    656    319     87   1.72    1.7472E-01    4.6779E+01
  9344    434    173.0000    137.5729     4542.3890      299.2040   313.8850   107.7441    2.5749E+00    7.5567E-01    4.5000E-01      3206    657    353    101   1.71    2.0698E-01    6.3122E+01
  9250    430    176.0000    139.8022     4507.1050      247.3260   298.9310   107.5018    2.6113E+00    7.2744E-01    3.4500E-01      3193    647    328     65   1.69    1.9259E-01    3.7895E+01
  9135    427    180.0000    136.2896     4459.7500      669.4440   270.6260   107.1543    2.5772E+00    7.1338E-01    6.0000E-01      3127    630    311    216   1.68    2.3857E-01    5.3470E+01
  9036    425    183.0000    136.1044     4403.9950      222.7160   255.2710   106.5281    2.5804E+00    7.3974E-01    3.4500E-01      3144    641    329     61   1.67    2.0421E-01    4.2337E+01
  8937    416    187.0000    142.7400     4366.0370      186.2540   234.7970   106.3378    2.6732E+00    7.5552E-01    3.1500E-01      3142    560    322     44   1.62    2.2607E-01    3.5653E+01
  8862    408    190.0000    137.9283     4331.9320      529.8500   216.3190   105.8899    2.6188E+00    7.7260E-01    5.7000E-01      3115    574    342    194   1.62    2.6120E-01    2.6740E+01
  8794    402    193.0000    137.7912     4300.0260      597.6760   202.3270   105.8117    2.6224E+00    8.1552E-01    6.7500E-01      3076    553    346    235   1.61    2.5824E-01    3.9500E+01
  8728    399    197.0000    140.3776     4267.5820      485.5860   183.4090   105.5416    2.6601E+00    7.7970E-01    5.8500E-01      3137    597    366    190   1.62    2.4622E-01    2.1855E+01
  8669    397    200.0000    144.9637     4239.0240      426.6540   168.8060   105.3191    2.7225E+00    7.8194E-01    5.1000E-01      3100    570    343    156   1.59    2.4170E-01    2.8183E+01
  8621    395    204.0000    143.3520     4214.5890      525.4160   158.6660   105.1263    2.7058E+00    7.6361E-01    5.7000E-01      3112    583    339    183   1.58    2.5751E-01    3.4742E+01
  8561    393    207.0000    146.0657     4180.0980      491.9300   135.3710   104.6735    2.7435E+00    7.5982E-01    5.5500E-01      3072    609    336    175   1.58    2.3760E-01    4.2848E+01
  8530    393    211.0000    143.6009     4165.9930      301.9200   125.5860   104.7389    2.7153E+00    7.7435E-01    4.0500E-01      3122    556    331     95   1.59    2.1911E-01    4.9989E+01
  8507    392    214.0000    146.2795     4155.4480      199.4560   120.9240   104.5231    2.7510E+00    7.7452E-01    3.3000E-01      3074    560    346     56   1.59    2.1464E-01    4.7761E+01
  8490    391    218.0000    151.0211     4132.4340      596.0920   116.3480   103.6821    2.8082E+00    7.6185E-01    6.4500E-01      3084    570    334    234   1.57    2.0905E-01    2.9415E+01
  8459    389    221.0000    150.4747     4119.5480      411.5700   107.9550   104.2943    2.8045E+00    7.3572E-01    5.4000E-01      3070    568    308    154   1.57    2.4894E-01    2.5333E+01
  8429    390    225.0000    150.8490     4109.8790      555.8280    99.2090   104.1274    2.8128E+00    7.3623E-01    6.0000E-01      3107    576    318    199   1.56    2.6443E-01    4.0307E+01
  8410    388    228.0000    153.8492     4101.7500      552.0360    94.8470   104.1239    2.8518E+00    7.8529E-01    6.6000E-01      3102    564    350    218   1.55    2.9974E-01    2.7002E+01
  8395    389    232.0000    153.1313     4092.4800      448.6320    88.9010   103.9458    2.8438E+00    7.5645E-01    5.2500E-01      3098    604    335    161   1.56    2.3017E-01    3.7073E+01
  8379    387    235.0000    155.3516     4083.8300      503.3220    81.4480   104.0016    2.8724E+00    8.0113E-01    5.8500E-01      3072    549    349    194   1.56    2.4476E-01    4.1714E+01
  8361    386    239.0000    151.8605     4077.8940      452.4460    75.8890   103.3604    2.8314E+00    7.3328E-01    5.5500E-01      3088    581    324    171   1.57    2.4593E-01    3.3310E+01
  8352    386    242.0000    154.4793     4071.6380      243.9360    74.0690   103.8212    2.8642E+00    7.5984E-01    4.2000E-01      3045    553    327     89   1.55    2.4238E-01    4.2957E+01
  8334    386    245.0000    157.0300     4055.3930      527.9220    66.3450   103.6658    2.8954E+00    7.6054E-01    6.0000E-01      3066    581    338    208   1.55    2.6558E-01    3.8285E+01
  8325    386    249.0000    156.1583     4050.3370      539.9120    64.6450   103.3218    2.8853E+00    7.5282E-01    6.0000E-01      3084    565    313    199   1.56    2.3742E-01    2.5903E+01
  8318    385    252.0000    161.6667     4047.1850      362.9840    62.4760   103.6389    2.9534E+00    7.3846E-01    4.5000E-01      3038    564    324    130   1.53    1.8676E-01    3.7609E+01
  8314    383    256.0000    158.8082     4042.1210      321.9200    64.0450   103.5863    2.9181E+00    7.4926E-01    4.5000E-01      3066    543    306    109   1.54    2.2440E-01    2.8936E+01
  8307    381    259.0000    159.6485     4033.3970      491.4980    64.0240   103.5743    2.9277E+00    7.4037E-01    5.4000E-01      3029    570    315    169   1.54    2.1883E-01    3.1945E+01
  8291    380    263.0000    161.9804     4027.9750      454.7180    59.9280   103.1956    2.9582E+00    7.2763E-01    5.1000E-01      3032    547    297    148   1.53    2.0947E-01    2.4432E+01
  8284    378    266.0000    159.4074     4020.5440      301.0900    60.2260   103.4432    2.9264E+00    7.4377E-01    4.6500E-01      3022    528    301     98   1.52    2.4093E-01    3.8373E+01
  8276    379    270.0000    166.6757     4011.0520      136.8540    58.5290   103.1322    3.0140E+00    7.2529E-01    3.0000E-01      3052    545    303     35   1.52    1.9859E-01    4.6223E+01
  8265    379    273.0000    164.0309     4001.2040      450.0620    54.7550   103.1523    2.9819E+00    7.3233E-01    5.2500E-01      3036    529    304    140   1.51    2.3551E-01    3.3729E+01
  8255    378    277.0000    171.0905     3993.3750      288.3860    52.3110   102.9413    3.0671E+00    7.3594E-01    4.2000E-01      3041    539    300     82   1.49    2.2765E-01    4.0297E+01
  8245    377    280.0000    169.6236     3983.9590      376.0080    49.0010   102.8359    3.0493E+00    7.9991E-01    5.1000E-01      3034    516    324    129   1.49    2.2421E-01    4.0769E+01
  8241    377    284.0000    167.1809     3982.9290      334.2100    49.4720   102.3907    3.0205E+00    7.7500E-01    4.5000E-01      3040    522    314    105   1.50    1.9771E-01    2.4420E+01
  8240    376    287.0000    168.2079     3973.2690      307.0680    51.3300   102.4871    3.0306E+00    7.8601E-01    4.5000E-01      2974    512    322     99   1.47    2.1775E-01    4.0299E+01
  8236    376    290.0000    173.2607     3963.9820      444.7560    52.2440   102.9472    3.0895E+00    7.6883E-01    5.8500E-01      3045    518    314    169   1.48    2.5335E-01    3.6432E+01
  8227    375    294.0000    168.3314     3959.3810      376.1200    49.7820   102.9134    3.0314E+00    7.7422E-01    5.1000E-01      3028    534    324    134   1.49    2.0143E-01    2.8604E+01
  8217    375    297.0000    175.5350     3949.3550      474.0720    47.3540   101.9231    3.1168E+00    7.7461E-01    6.0000E-01      3059    502    314    176   1.48    2.5856E-01    2.9349E+01
  8210    373    301.0000    170.2165     3946.9470      443.4920    45.4480   102.6015    3.0545E+00    7.7672E-01    5.5500E-01      2997    507    324    168   1.48    2.3646E-01    2.4698E+01
  8199    372    304.0000    177.1726     3938.1650      334.9920    45.4630   102.2219    3.1372E+00    7.8169E-01    4.9500E-01      3056    483    307    116   1.47    2.1040E-01    4.0970E+01
  8195    372    308.0000    176.4035     3932.3910      237.4280    47.3970   102.0655    3.1275E+00    8.1434E-01    4.3500E-01      3021    490    321     80   1.46    2.3016E-01    3.5914E+01
  8187    372    311.0000    176.0996     3927.8610      264.6620    44.9200   102.2316    3.1245E+00    7.7314E-01    4.0500E-01      2995    516    315     81   1.47    2.0769E-01    4.9141E+01
  8180    372    315.0000    181.6324     3916.0080      372.1780    44.1820   100.8284    3.1880E+00    8.3628E-01    5.7000E-01      3087    467    339    148   1.46    2.5577E-01    3.1487E+01
  8179    372    318.0000    185.3411     3913.2460      362.9420    44.8660   100.9807    3.2307E+00    8.1153E-01    5.7000E-01      3045    465    331    139   1.43    2.9612E-01    3.4717E+01
  8176    372    322.0000    179.2250     3908.6170      372.4920    43.4050   101.6179    3.1587E+00    8.2183E-01    5.4000E-01      2996    479    330    137   1.45    2.6878E-01    3.3939E+01
  8171    372    325.0000    182.0327     3900.1520      196.8120    43.9120   102.3280    3.1904E+00    8.0162E-01    3.3000E-01      3034    470    312     57   1.45    2.2400E-01    4.6228E+01
  8165    371    329.0000    188.5901     3894.3840      263.3140    41.5310   101.0635    3.2664E+00    8.1675E-01    3.9000E-01      3026    478    321     81   1.43    2.0187E-01    4.3972E+01
  8156    371    332.0000    184.5971     3890.7730      185.2160    39.2250   101.6217    3.2212E+00    7.9422E-01    3.1500E-01      2999    479    324     51   1.44    1.8860E-01    5.0785E+01
  8149    371    335.0000    189.3876     3885.6350      274.9060    37.7990   100.7985    3.2769E+00    7.7270E-01    4.2000E-01      3026    476    307     88   1.42    2.3671E-01    3.6081E+01
  8145    371    339.0000    183.4370     3882.5050      311.3380    39.2080   101.7833    3.2079E+00    8.0287E-01    4.3500E-01      2957    477    316     90   1.43    2.3426E-01    5.2074E+01
  8140    371    342.0000    185.9803     3878.6000      199.2720    42.2430   101.9449    3.2376E+00    8.4337E-01    3.3000E-01      3023    439    316     52   1.43    2.0704E-01    5.0599E+01
  8138    370    346.0000    194.1037     3872.8260      319.7640    44.7530   102.0039    3.3300E+00    8.1228E-01    4.8000E-01      3022    486    324    104   1.43    1.9958E-01    2.9788E+01
  8130    370    349.0000    201.3306     3869.7790      480.8420    41.3210   102.1141    3.4132E+00    8.6059E-01    6.4500E-01      3052    441    341    197   1.41    2.5273E-01    3.0734E+01
  8125    370    353.0000    186.6157     3862.9550      499.5660    42.1620   100.5594    3.2441E+00    9.0267E-01    7.2000E-01      2955    448    357    219   1.41    2.5163E-01    3.0259E+01
  8122    370    356.0000    186.8247     3859.5050      428.0740    42.7920   101.9778    3.2462E+00    8.5510E-01    6.0000E-01      2957    445    331    157   1.42    2.6769E-01    2.2470E+01
  8118    370    360.0000    196.9452     3853.7750      458.8380    43.9910   101.4575    3.3617E+00    8.9528E-01    6.4500E-01      3002    412    328    174   1.39    2.9788E-01    2.5798E+01
  8114    369    363.0000    190.9650     3848.2380      374.2260    44.6720    99.9388    3.2927E+00    8.6882E-01    5.5500E-01      2931    456    348    147   1.40    2.6748E-01    3.1404E+01
  8113    369    367.0000    196.8880     3845.8990      497.7060    47.0210   100.8277    3.3600E+00    8.8926E-01    6.7500E-01      3007    433    346    193   1.40    3.1075E-01    3.4842E+01
  8107    369    370.0000    197.2784     3840.5550      454.8840    42.7040   101.1367    3.3643E+00    9.1075E-01    6.4500E-01      2974    402    337    177   1.38    2.4313E-01    2.1944E+01
  8103    369    374.0000    196.4637     3839.6690      421.0460    42.8080   101.2323    3.3558E+00    8.1720E-01    5.7000E-01      2974    477    335    162   1.41    2.3733E-01    2.2383E+01
  8101    369    377.0000    196.4030     3837.0030      471.1060    43.0150   101.6084    3.3548E+00    8.8760E-01    6.7500E-01      2990    418    341    198   1.39    2.3672E-01    2.6738E+01
  8091    368    381.0000    200.7113     3829.0370       90.8580    42.5390   101.2326    3.4038E+00    8.6525E-01    2.2500E-01      2979    432    335     24   1.39    2.0851E-01    4.0551E+01
  8088    368    384.0000    201.6652     3825.1130      353.2740    42.2870   100.5161    3.4141E+00    8.7918E-01    5.4000E-01      3007    424    328    123   1.38    2.7939E-01    3.7458E+01
  8083    368    387.0000    201.2183     3817.9160      540.8820    41.6060   100.2365    3.4082E+00    8.7598E-01    7.2000E-01      2963    433    343    237   1.38    2.5726E-01    2.7173E+01
  8079    368    391.0000    206.3497     3814.5990      448.9820    43.1490   100.8460    3.4659E+00    8.8537E-01    6.6000E-01      2970    431    328    174   1.38    2.7154E-01    3.3915E+01
  8077    368    394.0000    211.9607     3807.6490      279.9760    44.8250   101.0315    3.5268E+00    8.7391E-01    5.1000E-01      3004    402    318     98   1.36    2.6847E-01    3.8338E+01
  8075    368    398.0000    196.1440     3801.5110      188.6400    44.7890   101.4898    3.3478E+00    9.0732E-01    3.9000E-01      2907    403    334     52   1.37    2.4869E-01    4.6038E+01
  8068    368    401.0000    201.9072     3797.7100      467.4520    42.8130    98.1687    3.4136E+00    8.9730E-01    6.9000E-01      2966    424    353    200   1.37    2.6709E-01    4.1732E+01
  8068    367    405.0000    214.6894     3795.1060      292.5220    43.3170    99.5872    3.5554E+00    8.8793E-01    5.5500E-01      2981    435    338    115   1.36    2.3842E-01    4.1142E+01
  8067    367    408.0000    206.9323     3794.6810      328.4640    44.3970   101.3412    3.4693E+00    8.4807E-01    5.4000E-01      2947    442    328    117   1.37    2.7416E-01    3.5604E+01
  8065    366    412.0000    209.7636     3792.2850      412.0200    43.2960   101.3710    3.5007E+00    8.8225E-01    6.0000E-01      2954    423    340    168   1.36    2.9280E-01    2.5507E+01
  8062    366    415.0000    201.5819     3791.5800      393.5820    44.0660   101.3728    3.4096E+00    8.4570E-01    5.7000E-01      2930    424    315    153   1.37    2.5215E-01    3.7404E+01
  8057    366    419.0000    210.6477     3788.3670      494.1540    43.1860   100.4329    3.5113E+00    8.9281E-01    6.9000E-01      2958    393    318    190   1.35    2.6649E-01    2.4819E+01
  8052    366    422.0000    203.7596     3786.9660      311.4540    42.5390   100.4240    3.4352E+00    8.4015E-01    4.8000E-01      2920    413    306    105   1.37    2.4919E-01    4.0211E+01
  8049    366    426.0000    208.5461     3784.4880      370.9720    41.0250   100.0081    3.4888E+00    8.6145E-01    5.7000E-01      2942    414    327    133   1.35    2.7876E-01    3.6438E+01
  8045    366    429.0000    207.9272     3780.7860      306.1160    40.1950   100.8606    3.4818E+00    9.1313E-01    5.2500E-01      2925    402    346    112   1.36    2.4969E-01    2.5061E+01
  8041    366    432.0000    203.1902     3779.2860      276.5260    39.7450   100.0965    3.4292E+00    8.8170E-01    4.6500E-01      2904    413    331     87   1.37    2.5571E-01    3.7280E+01
  8035    365    436.0000    214.8678     3776.5880      313.2300    39.7210    98.7712    3.5601E+00    9.1078E-01    5.1000E-01      2950    389    327    102   1.35    2.3448E-01    2.8125E+01
  8028    365    439.0000    208.1184     3774.1510      403.0780    39.8860    99.1658    3.4862E+00    8.7102E-01    5.5500E-01      2911    397    303    138   1.41    2.4058E-01    3.7451E+01
  8011    364    443.0000    203.8532     3760.0300      177.5660    36.1470   100.5498    3.4383E+00    8.3538E-01    4.0500E-01      2913    422    313     56   1.65    2.2612E-01    4.1432E+01
  7986    362    446.0000    147.5586     3749.8100      398.7280    45.9060   100.5468    2.7744E+00    7.5557E-01    5.4000E-01      2891    557    324    163   2.71    2.3427E-01    2.9001E+01
  7975    361    450.0000    220.9278     3745.2260      292.3460    59.4400   100.0673    3.6325E+00    9.0058E-01    4.9500E-01      2912    374    314     94   2.55    2.5023E-01    4.7736E+01
  7924    360    453.0000    346.4209     3728.7530      162.5940    87.0430   100.6853    4.9140E+00    9.7875E-01    3.6000E-01      2790    320    312     42   2.12    2.5668E-01    3.1388E+01
  7841    360    457.0000    366.6371     3693.1190      207.3580   118.1540   100.1552    5.1184E+00    9.4937E-01    4.2000E-01      2694    332    298     63   1.88    2.4104E-01    3.6499E+01
  7750    358    460.0000    290.8059     3660.0030      166.5400   165.9720   100.2953    4.4025E+00    9.4425E-01    3.4500E-01      2548    327    295     50   1.75    2.6097E-01    3.0000E+01
  7641    354    464.0000    253.9099     3620.3110      120.7080   210.5470    99.9583    4.0404E+00    9.7608E-01    3.0000E-01      2467    308    294     33   1.63    2.4947E-01    3.9578E+01
  7531    352    467.0000    243.8429     3588.2750      262.6160   258.5340    99.6260    3.9546E+00    8.8827E-01    5.2500E-01      2392    343    270     96   1.55    2.8889E-01    3.2378E+01
  7414    349    471.0000    233.9634     3547.9970      176.4160   306.6210    99.3231    3.8678E+00    8.4976E-01    3.6000E-01      2333    359    273     54   1.47    2.1624E-01    4.0984E+01
  7315    347    474.0000    213.0692     3503.4180      195.4740   359.4450    98.8710    3.6471E+00    8.8069E-01    4.3500E-01      2211    335    263     55   1.42    2.3969E-01    3.2613E+01
  7222    342    478.0000    202.3628     3468.3090      205.5880   398.0100    98.5306    3.5384E+00    8.2679E-01    4.2000E-01      2142    341    250     64   1.32    2.4862E-01    4.3880E+01
  7143    340    481.0000    191.6779     3443.5580      303.1800   399.2890    98.2226    3.4265E+00    8.3199E-01    5.5500E-01      2119    349    248    107   1.29    2.6829E-01    4.2933E+01
  7075    336    484.0000    196.6971     3415.6850      313.3900   406.5510    97.9370    3.4961E+00    8.5300E-01    5.4000E-01      2095    334    249    107   1.26    2.7260E-01    3.6910E+01
  7003    335    488.0000    197.5119     3385.2250       96.3280   402.7500    97.7436    3.5161E+00    8.6906E-01    2.7000E-01      2063    315    248     25   1.23    2.3297E-01    4.0986E+01
  6936    329    491.0000    198.6593     3355.6910      125.9400   400.3160    97.4335    3.5392E+00    8.7374E-01    2.5500E-01      2040    298    243     31   1.22    1.9397E-01    4.5897E+01
  6869    324    495.0000    190.5061     3332.0850      176.9020   399.1850    97.1502    3.4531E+00    8.7002E-01    4.0500E-01      2024    309    246     53   1.20    2.5994E-01    4.5787E+01
  6799    322    498.0000    189.3073     3310.7870      154.0740   391.8570    96.9616    3.4518E+00    8.4175E-01    3.0000E-01      2011    322    234     40   1.19    2.0751E-01    4.7538E+01
  6742    321    502.0000    196.9761     3288.9840      174.8280   383.2630    96.7933    3.5540E+00    8.2782E-01    3.4500E-01      1995    329    237     45   1.17    2.3409E-01    4.9866E+01
  6691    319    505.0000    202.9667     3263.8210      108.7440   365.2940    96.5204    3.6324E+00    8.7053E-01    3.1500E-01      2016    322    249     29   1.16    2.6000E-01    4.0991E+01
  6641    318    509.0000    186.3542     3242.6800      210.5740   363.1140    96.1900    3.4390E+00    8.1420E-01    4.3500E-01      1975    320    231     72   1.17    2.4136E-01    4.0927E+01
  6584    317    512.0000    186.1984     3218.4190      197.1520   353.0260    96.0959    3.4457E+00    8.2888E-01    4.3500E-01      1986    312    224     59   1.17    2.7810E-01    4.5383E+01
  6526    314    516.0000    191.5228     3195.8260      161.7940   340.1600    95.8421    3.5209E+00    8.4251E-01    3.4500E-01      2000    300    226     46   1.18    2.4874E-01    4.5564E+01
  6468    312    519.0000    199.0829     3171.6050      183.2820   327.7240    95.6082    3.6226E+00    8.6078E-01    4.2000E-01      1983    293    223     52   1.17    2.6245E-01    4.2916E+01
  6391    311    523.0000    186.3847     3144.2630      331.0180   313.8760    95.3599    3.4811E+00    9.1284E-01    6.1500E-01      1936    276    243    117   1.18    2.9590E-01    3.0935E+01
  6342    310    526.0000    185.9827     3125.2600      303.4520   306.5060    95.1835    3.4846E+00    8.8495E-01    6.0000E-01      1947    295    234    109   1.17    2.9354E-01    2.6120E+01
  6279    306    529.0000    184.4671     3101.5500       83.1900   298.9580    94.8444    3.4770E+00    8.6836E-01    3.0000E-01      1937    284    213     25   1.17    2.5320E-01    3.4055E+01
  6209    301    533.0000    179.9688     3076.2200      299.4260   285.0140    94.6650    3.4332E+00    8.5196E-01    6.1500E-01      1888    285    216    105   1.15    3.2174E-01    2.9866E+01
  6116    299    536.0000    183.4458     3042.6290      214.1040   265.2150    94.3057    3.4951E+00    8.0302E-01    4.8000E-01      1908    320    216     75   1.15    2.7389E-01    2.9558E+01
  6056    297    540.0000    186.8109     3016.8730      210.0960   252.4640    93.9530    3.5480E+00    7.5694E-01    4.0500E-01      1920    324    209     66   1.15    2.5142E-01    3.1171E+01
  5975    289    543.0000    176.0135     2988.0510      217.2160   236.8740    93.7383    3.4257E+00    8.2700E-01    4.6500E-01      1861    289    217     72   1.13    2.4056E-01    3.3425E+01
  5913    289    547.0000    172.8639     2968.5730      139.2980   224.9700    93.5094    3.3979E+00    7.9834E-01    3.3000E-01      1849    322    218     41   1.15    2.2978E-01    4.0627E+01
  5855    286    550.0000    181.3098     2946.9430      183.8000   212.0330    93.2648    3.5192E+00    8.4798E-01    4.2000E-01      1906    295    215     55   1.13    2.5958E-01    4.6657E+01
  5808    284    554.0000    172.5946     2932.1470      242.3320   202.2700    92.8767    3.4158E+00    7.8282E-01    4.6500E-01      1841    301    194     74   1.13    2.5369E-01    3.7841E+01
  5756    283    557.0000    182.4648     2911.8670      331.4020   194.9120    92.8991    3.5551E+00    8.1156E-01    6.1500E-01      1890    305    212    117   1.13    2.8857E-01    3.0184E+01
  5708    279    561.0000    175.5048     2895.7920      231.9680   184.3240    92.6821    3.4746E+00    8.0765E-01    4.6500E-01      1875    314    216     80   1.14    2.5950E-01    4.4653E+01
  5665    279    564.0000    180.3164     2881.0390      268.3780   176.0030    92.4808    3.5473E+00    7.8280E-01    4.8000E-01      1861    289    199     77   1.12    2.8883E-01    3.0043E+01
  5618    278    568.0000    175.5363     2865.2400      221.0260   173.3410    92.4006    3.4948E+00    8.2021E-01    4.6500E-01      1837    299    202     70   1.13    3.0109E-01    3.6923E+01
  5581    277    571.0000    169.8149     2850.1690      143.0180   166.5570    92.1703    3.4256E+00    8.0360E-01    3.3000E-01      1811    305    215     43   1.13    2.2681E-01    4.4015E+01
  5552    275    575.0000    170.3147     2838.4350      173.5460   162.2950    92.1269    3.4379E+00    8.9883E-01    4.5000E-01      1834    255    217     54   1.11    2.5780E-01    4.1813E+01
  5518    274    578.0000    180.5809     2823.2870      176.3500   153.4530    91.6185    3.5811E+00    9.2258E-01    4.9500E-01      1801    275    231     57   1.10    2.8259E-01    4.2376E+01
  5487    274    581.0000    171.8195     2812.5760      179.8080   153.1660    91.7730    3.4713E+00    8.3340E-01    3.9000E-01      1795    291    215     55   1.12    2.3857E-01    2.8997E+01
  5456    273    585.0000    169.3924     2802.2050      191.7760   149.9850    91.6243    3.4456E+00    8.0735E-01    4.2000E-01      1791    277    199     54   1.11    2.5640E-01    4.1046E+01
  5436    273    588.0000    177.4536     2792.2770       98.7180   149.5990    91.6350    3.5574E+00    8.1191E-01    3.3000E-01      1803    294    200     27   1.10    2.8373E-01    4.3162E+01
  5409    271    592.0000    182.7458     2781.8770      284.6260   149.5810    91.4909    3.6337E+00    8.8120E-01    6.3000E-01      1856    275    215    107   1.10    3.4635E-01    2.4101E+01
  5382    270    595.0000    175.8947     2767.2050      250.2240   136.8300    91.3451    3.5464E+00    8.4419E-01    5.5500E-01      1772    280    207     78   1.10    3.3625E-01    3.4198E+01
  5362    269    599.0000    177.6887     2758.8830      194.1980   136.4490    90.8956    3.5746E+00    8.1850E-01    4.6500E-01      1790    269    200     57   1.10    2.9267E-01    3.6660E+01
  5340    269    602.0000    173.1790     2745.4450      168.1940   130.7650    91.0935    3.5165E+00    8.4993E-01    4.3500E-01      1780    278    212     61   1.11    2.9570E-01    3.3623E+01
  5313    267    606.0000    180.1308     2736.1010      209.0600   124.9160    90.9496    3.6165E+00    8.1955E-01    4.6500E-01      1779    284    202     66   1.09    2.9091E-01    4.2108E+01
  5294    267    609.0000    183.3158     2730.1560      169.0680   123.0800    90.9271    3.6640E+00    8.5055E-01    4.0500E-01      1811    280    207     49   1.10    2.6198E-01    3.5061E+01
  5277    265    613.0000    180.8390     2721.2170      302.5540   114.7870    90.7105    3.6337E+00    9.0274E-01    6.3000E-01      1769    247    204    108   1.08    3.2607E-01    3.6408E+01
  5255    264    616.0000    181.7549     2711.4020      233.0740   109.8790    90.3884    3.6504E+00    8.7594E-01    5.2500E-01      1765    271    201     77   1.09    3.0291E-01    4.2115E+01
  5235    262    620.0000    179.3861     2701.4600      102.9100   103.5720    90.4778    3.6222E+00    8.9090E-01    3.7500E-01      1755    262    211     30   1.09    3.1155E-01    3.7937E+01
  5220    261    623.0000    179.7535     2695.8110       78.6540   103.5670    90.5072    3.6306E+00    8.2645E-01    3.0000E-01      1758    285    210     21   1.10    2.9107E-01    3.8743E+01
  5198    261    626.0000    182.0821     2685.0040       53.3140    96.6070    89.5683    3.6659E+00    8.1230E-01    1.9500E-01      1754    283    200     10   1.09    2.7507E-01    4.5545E+01
  5185    261    630.0000    173.5907     2681.2670       67.0940    99.5810    90.2852    3.5546E+00    8.4560E-01    1.8000E-01      1749    247    198     16   1.11    2.3735E-01    3.9728E+01
  5168    260    633.0000    175.1513     2671.7800      255.1640    94.0620    90.0584    3.5784E+00    8.6864E-01    6.0000E-01      1770    265    202     88   1.12    3.5115E-01    3.8671E+01
  5152    260    637.0000    182.1954     2661.9030       60.7540    89.8230    90.0280    3.6758E+00    9.2596E-01    3.9000E-01      1769    229    201     29   1.11    2.5582E-01    2.4410E+01
  5130    259    640.0000    183.4451     2651.6050      236.6620    84.8460    88.8074    3.6970E+00    9.0034E-01    5.7000E-01      1743    269    215     83   1.11    3.1330E-01    3.5657E+01
  5113    259    644.0000    182.4507     2643.1820      178.0440    82.3710    89.9165    3.6868E+00    8.5462E-01    5.4000E-01      1759    263    201     66   1.13    3.0965E-01    2.4738E+01
  5081    259    647.0000    180.7193     2628.5320      212.8880    70.6890    89.4314    3.6700E+00    8.5281E-01    5.2500E-01      1740    266    204     70   1.18    2.8908E-01    2.8578E+01
  5055    257    651.0000    182.8453     2619.4540      129.6000    71.8630    88.8303    3.7054E+00    8.9158E-01    3.7500E-01      1761    252    208     36   1.35    3.0207E-01    3.8978E+01
  5008    254    654.0000    176.9481     2600.1010      234.5700    65.6720    88.6812    3.6360E+00    8.4562E-01    5.4000E-01      1723    278    207     81   1.93    2.4359E-01    3.9125E+01
  4981    251    658.0000     89.7425     2586.1460      276.4880    39.7940    74.0547    2.3154E+00    7.1706E-01    4.9500E-01      1827    425    226    109   3.74    2.2515E-01    3.9408E+01
  4981    251    661.0000    216.8694     2586.0900      169.2120    18.2960    87.6229    4.1696E+00    9.4542E-01    4.8000E-01      1775    213    198     52   3.02    2.9327E-01    3.1805E+01
  4963    250    665.0000    453.2271     2571.6550      197.5280    28.4330    88.5419    6.8173E+00    9.6037E-01    5.5500E-01      1757    202    188     68   2.55    3.4214E-01    2.6754E+01
  4937    249    668.0000    641.2562     2561.0600      131.9380    82.7460    88.1283    8.6062E+00    9.0383E-01    3.7500E-01      1654    222    193     37   2.34    2.6429E-01    3.9214E+01
  4897    248    671.0000    685.8486     2548.2620       75.0040   180.8430    88.7631    9.0281E+00    9.2920E-01    2.4000E-01      1532    218    189     17   2.24    2.5184E-01    4.2879E+01
  4816    242    675.0000    458.1129     2520.0780       56.9760   287.8830    88.5162    6.9397E+00    7.9007E-01    1.9500E-01      1357    228    167     12   2.11    2.5709E-01    4.0043E+01
  4687    233    678.0000    238.9599     2475.3680       67.0960   438.1800    87.9993    4.5408E+00    7.4070E-01    2.2500E-01      1164    217    140     12   2.02    2.7353E-01    4.1732E+01
  4507    229    682.0000    178.0506     2409.7570      136.8480   558.3450    87.4273    3.7835E+00    6.9032E-01    3.6000E-01      1029    225    125     36   1.85    2.5770E-01    4.3910E+01
  4303    215    685.0000    155.6273     2329.0450      190.1800   606.8060    86.2678    3.5124E+00    7.2048E-01    4.8000E-01       954    213    129     65   1.74    3.3854E-01    3.6412E+01
  4030    210    689.0000    129.0610     2225.2520      135.3500   597.2870    85.2568    3.1712E+00    6.3005E-01    3.9000E-01       866    210    107     40   1.61    3.0475E-01    4.5154E+01
  3696    197    692.0000    110.4099     2093.6690       77.0900   538.6540    83.5778    2.9434E+00    6.3878E-01    3.4500E-01       807    218    103     19   1.41    3.4780E-01    3.8907E+01
  3362    179    696.0000    103.2358     1967.8870      114.8760   467.3540    81.9813    2.9112E+00    6.6040E-01    3.4500E-01       802    207     98     33   1.28    2.6917E-01    3.7524E+01
  3096    173    699.0000     89.5282     1865.5190      132.7980   405.3160    80.2712    2.7266E+00    6.4755E-01    4.8000E-01       750    170     94     49   1.19    2.9962E-01    2.5772E+01
  2917    169    703.0000     85.6852     1786.0640       73.8500   361.0400    79.0961    2.7004E+00    6.4133E-01    2.8500E-01       726    194     97     17   1.14    3.0800E-01    4.0673E+01
  2769    162    706.0000     79.8830     1719.1600      128.9880   316.8230    78.1159    2.6214E+00    6.7355E-01    3.7500E-01       724    183     92     33   1.07    2.8462E-01    3.5677E+01
  2645    157    710.0000     77.3764     1657.0000      162.9520   273.7620    77.2159    2.6022E+00    6.3254E-01    4.8000E-01       724    208     92     50   1.05    3.1040E-01    3.8622E+01
  2533    153    713.0000     79.7281     1611.3750      189.5000   242.7070    76.3992    2.6958E+00    6.6851E-01    4.9500E-01       713    178     87     54   0.99    3.4646E-01    4.2813E+01
  2449    146    717.0000     71.0217     1566.8370      123.1700   210.0660    75.7259    2.5206E+00    6.0693E-01    3.7500E-01       679    209     91     34   1.00    3.1877E-01    4.3941E+01
  2354    141    720.0000     74.5252     1521.0270      102.6420   177.3010    74.8813    2.6359E+00    6.9377E-01    3.6000E-01       700    181     91     26   0.95    3.1644E-01    4.2216E+01
  2294    140    723.0000     75.3620     1500.7340       71.8360   161.2630    74.4824    2.6829E+00    6.2291E-01    3.1500E-01       715    175     88     17   0.93    3.2161E-01    3.9151E+01
  2246    139    727.0000     75.2362     1482.5910      127.7160   149.5080    74.1948    2.7014E+00    6.4554E-01    4.2000E-01       673    187     92     40   0.91    2.9888E-01    2.7394E+01
  2196    138    730.0000     74.0470     1460.6510      103.8600   131.3120    73.4980    2.6938E+00    6.6511E-01    3.6000E-01       679    183     97     31   0.90    2.6493E-01    3.4124E+01
  2156    138    734.0000     69.7109     1438.1100      245.4920   110.1340    73.4437    2.6013E+00    6.8022E-01    6.4500E-01       688    181     95     86   0.92    3.6102E-01    3.3599E+01
  2115    135    737.0000     66.6297     1408.2460       43.1500    96.7060    72.9470    2.5339E+00    7.2674E-01    3.0000E-01       678    171     94     12   0.92    3.4234E-01    3.1755E+01
  2080    133    741.0000     70.2810     1403.0600      143.5400    84.2640    72.7694    2.6474E+00    7.7614E-01    5.5500E-01       682    168     99     45   0.91    3.9727E-01    3.9780E+01
  2059    132    744.0000     68.6379     1392.2650      120.2240    81.0270    72.4596    2.6143E+00    7.0392E-01    4.3500E-01       667    165     92     36   0.91    3.3402E-01    3.7182E+01
  2041    131    748.0000     66.5874     1384.2660      139.2760    77.6910    72.4367    2.5698E+00    6.6659E-01    4.5000E-01       666    192     93     40   0.93    2.9328E-01    2.8603E+01
  2023    131    751.0000     69.2667     1375.7360      143.1120    72.3210    71.9105    2.6461E+00    6.9376E-01    4.2000E-01       665    166     87     40   0.90    3.0930E-01    4.3832E+01
  2004    130    755.0000     68.2523     1365.1510      112.9180    66.9180    71.3821    2.6275E+00    6.0870E-01    3.6000E-01       670    190     88     29   0.91    2.9493E-01    4.2703E+01
  1988    130    758.0000     68.8388     1358.1880      122.3500    60.6780    71.6492    2.6500E+00    5.8527E-01    3.4500E-01       646    182     85     32   0.89    2.7306E-01    4.5460E+01
  1980    130    762.0000     72.7594     1349.2180      113.4800    59.4580    71.6383    2.7499E+00    6.3972E-01    3.7500E-01       668    174     85     31   0.86    2.7908E-01    4.3248E+01
  1968    130    765.0000     71.1604     1344.9050      123.7920    56.1370    71.1036    2.7160E+00    6.3929E-01    4.3500E-01       672    162     83     34   0.86    3.4336E-01    4.3784E+01
  1959    130    768.0000     68.1064     1342.3570       59.5860    53.6000    71.7492    2.6429E+00    6.6851E-01    2.8500E-01       662    162     86     14   0.86    3.6708E-01    4.0038E+01
  1946    129    772.0000     69.7051     1336.4260       69.1980    48.5750    70.8628    2.6902E+00    5.6571E-01    2.1000E-01       659    177     80     14   0.88    2.6261E-01    4.2728E+01
  1942    129    775.0000     66.4826     1333.6580      127.1320    48.6000    71.5184    2.6079E+00    5.3484E-01    3.3000E-01       644    200     81     35   0.92    2.8031E-01    3.9377E+01
  1936    128    779.0000     71.3893     1330.5490       85.2380    45.3690    70.5730    2.7374E+00    5.9794E-01    2.7000E-01       666    180     78     17   0.88    2.9311E-01    4.7241E+01
  1932    128    782.0000     73.5272     1328.3310      139.5820    45.2010    71.1879    2.7935E+00    6.2967E-01    4.5000E-01       657    169     77     36   0.87    2.9668E-01    4.1755E+01
  1926    127    786.0000     65.9675     1325.0180      115.3300    42.0080    71.2471    2.6010E+00    5.8234E-01    3.0000E-01       639    175     81     29   0.90    2.6283E-01    3.6604E+01
  1919    127    789.0000     69.5811     1322.7790      167.3160    40.7720    71.3962    2.6991E+00    6.1426E-01    5.1000E-01       640    186     75     45   0.89    3.7448E-01    4.1356E+01
  1911    127    793.0000     74.4615     1318.4540      141.2560    39.8160    69.9696    2.8275E+00    5.9544E-01    4.0500E-01       668    184     77     41   0.88    2.7284E-01    4.0725E+01
  1907    127    796.0000     78.7014     1317.5910       72.6220    40.3950    69.8143    2.9367E+00    6.0324E-01    2.4000E-01       658    171     79     15   0.86    2.7824E-01    4.7485E+01
  1903    127    800.0000     72.8294     1312.9900       60.0320    41.5320    70.7909    2.7888E+00    5.6007E-01    2.1000E-01       651    185     84     13   0.88    2.7315E-01    3.9345E+01
  1899    127    803.0000     72.7468     1310.4940      145.4580    39.1170    69.9888    2.7883E+00    5.7805E-01    4.2000E-01       661    173     76     41   0.88    3.1947E-01    3.3730E+01
  1893    126    807.0000     72.9592     1307.7740      105.6160    39.5460    69.0074    2.7968E+00    5.3218E-01    3.1500E-01       649    162     65     23   0.87    2.7579E-01    4.6935E+01
  1891    126    810.0000     79.8288     1304.7710      144.1860    37.9600    69.0074    2.9692E+00    5.4213E-01    3.7500E-01       669    179     76     38   0.88    3.1278E-01    4.3254E+01
  1887    124    814.0000     79.4911     1302.0120       46.1500    36.9110    69.0074    2.9622E+00    6.3512E-01    1.0500E-01       662    170     77      6   0.85    2.2461E-01    4.6983E+01
  1884    123    817.0000     74.1385     1298.5000       68.9700    33.4220    70.3165    2.8277E+00    5.8981E-01    2.2500E-01       651    173     78     13   0.91    3.0961E-01    4.7043E+01
  1881    122    820.0000     80.3537     1293.7270       57.7300    33.7930    70.8841    2.9827E+00    6.8495E-01    3.0000E-01       664    145     87     18   0.93    3.1916E-01    4.1145E+01
  1871    121    824.0000     83.7001     1289.4340       77.8100    32.6850    70.1444    3.0708E+00    6.9213E-01    1.9500E-01       668    138     78     16   0.89    2.3060E-01    4.2459E+01
  1863    121    827.0000     88.8648     1286.6320       43.9600    30.1750    70.7475    3.2013E+00    7.6462E-01    1.3500E-01       671    139     88      6   0.83    2.4469E-01    4.3906E+01
  1862    121    831.0000     85.2552     1281.8030       43.3520    31.3540    69.7210    3.1110E+00    8.1485E-01    7.5000E-02       654    122     87      6   0.83    2.4901E-01    4.5769E+01
  1859    120    834.0000     92.2609     1277.0070       77.3020    31.3570    70.5583    3.2781E+00    7.3294E-01    3.0000E-01       673    130     79     18   0.83    3.0303E-01    4.4277E+01
  1854    119    838.0000     90.6564     1274.9560       74.6400    29.6220    68.8532    3.2432E+00    8.0601E-01    3.6000E-01       641    120     82     15   0.82    3.8483E-01    4.4891E+01
  1852    119    841.0000     91.4296     1284.4500      194.8020    39.3690    69.0074    3.2717E+00    1.0869E+00    9.9000E-01       675     85    106     84   0.82    5.2457E-01    2.9105E+01
  1846    119    845.0000     99.5758     1277.6160      157.7380    34.9430    69.0074    3.4634E+00    1.0002E+00    7.6500E-01       693     92     93     53   0.79    5.1820E-01    3.1317E+01
  1842    119    848.0000    102.8260     1275.3660      189.6040    33.2570    69.0074    3.5406E+00    1.1032E+00    9.7500E-01       674     73     96     71   0.77    5.0716E-01    2.9044E+01
  1840    118    852.0000    101.3785     1272.2020      130.1460    34.3220    69.0074    3.5066E+00    9.8454E-01    6.7500E-01       661     99     97     48   0.77    4.4293E-01    2.8403E+01
  1836    118    855.0000     92.8624     1268.9740      233.0760    49.0630    69.0074    3.3086E+00    1.0063E+00    9.6000E-01       649     92     95     88   0.78    5.6422E-01    2.9722E+01
  1830    118    859.0000     94.3960     1267.6360      192.3720    48.0270    69.0074    3.3500E+00    1.0659E+00    9.6000E-01       651     74     87     68   0.77    6.1384E-01    3.3934E+01
  1827    118    862.0000     98.2657     1265.9040      177.0760    48.9180    69.0074    3.4425E+00    9.7547E-01    8.2500E-01       655     98     89     61   0.77    5.1072E-01    3.2208E+01
  1823    118    865.0000     96.9000     1265.0840      197.0080    51.6420    69.0074    3.4141E+00    9.6245E-01    8.8500E-01       649     94     88     68   0.76    5.2089E-01    3.2709E+01
  1821    118    869.0000     95.8578     1264.0930      152.5940    52.1830    69.0074    3.3908E+00    1.0886E+00    8.1000E-01       624     73     89     50   0.76    5.2818E-01    3.6438E+01
  1814    116    872.0000     94.4158     1235.7290      124.4960    25.7100    68.3535    3.3386E+00    1.0183E+00    7.5000E-01       642     90     96     50   0.77    4.2121E-01    3.0097E+01
  1813    115    876.0000     99.5104     1234.9650      126.0680    25.1680    67.8920    3.4580E+00    1.0195E+00    7.8000E-01       657     99    101     49   0.77    4.9196E-01    3.0872E+01
  1811    115    879.0000     97.7924     1232.7010      134.3960    28.5240    68.3301    3.4182E+00    1.0076E+00    7.3500E-01       654     93     95     54   0.79    4.8304E-01    2.0909E+01
  1811    115    883.0000     91.6338     1232.6920      209.5680    25.1290    69.2852    3.2731E+00    9.3552E-01    8.8500E-01       643    109     98     84   0.81    5.3861E-01    2.7073E+01
  1810    114    886.0000     95.2691     1231.7810      189.9700    23.3040    66.2935    3.3593E+00    1.0020E+00    8.8500E-01       652     89     90     69   0.82    5.3088E-01    2.3689E+01
  1809    114    890.0000     94.9569     1230.0420      205.4200    23.4750    69.0143    3.3515E+00    9.7693E-01    9.1500E-01       654    105    103     88   0.82    5.3910E-01    1.9668E+01
  1807    113    893.0000     99.7141     1225.1580      226.0340    22.6290    69.0955    3.4601E+00    9.2602E-01    9.0000E-01       648    110     99     92   0.81    5.1057E-01    2.5035E+01
  1804    113    897.0000    105.1258     1223.7460      103.4720    21.1840    63.9651    3.5861E+00    9.7182E-01    6.0000E-01       666    106     97     37   0.80    4.3091E-01    2.9286E+01
  1804    113    900.0000    104.0489     1223.7360      165.7280    21.4600    67.8847    3.5616E+00    9.7110E-01    8.4000E-01       647     96     93     62   0.79    5.0887E-01    3.0466E+01
  1800    113    904.0000    111.2404     1220.5640      217.7140    21.0110    68.4507    3.7253E+00    9.9681E-01    9.6000E-01       653     90     89     80   0.81    5.7326E-01    2.6442E+01
  1793    113    907.0000    104.9261     1215.8110      149.6240    24.1690    68.5892    3.5862E+00    9.7100E-01    7.8000E-01       645    100     92     56   0.89    5.1548E-01    3.1967E+01
  1784    110    911.0000    100.5790     1211.6640      215.1740    26.5810    68.5540    3.4924E+00    1.0106E+00    9.6000E-01       642    102    103     92   1.25    5.0048E-01    2.5645E+01
  1779    109    914.0000     39.8188     1209.3620      220.2820     7.1680    46.9119    1.8848E+00    6.6680E-01    6.4500E-01       664    229     99     88   3.83    3.6259E-01    2.7144E+01
  1779    109    917.0000    127.6831     1209.3460      218.3780     2.4250    56.9900    4.0985E+00    1.1476E+00    1.0950E+00       678     62     89     80   3.46    5.4545E-01    2.4327E+01
  1764    109    921.0000    329.1245     1201.2900      184.1660    46.3150    64.8127    7.7247E+00    1.3157E+00    1.2150E+00       620     40     81     65   3.14    7.8518E-01    3.0786E+01
  1707    107    924.0000    436.1628     1169.8720      135.3800   112.2830    68.6153    9.4108E+00    1.3021E+00    1.0050E+00       537     42     74     43   2.61    6.8663E-01    3.1044E+01
  1632    105    928.0000    395.5103     1136.0930      101.7240   210.5400    67.7504    8.9550E+00    9.0053E-01    6.9000E-01       440     74     62     30   2.29    5.9865E-01    3.2996E+01
  1525    101    931.0000    240.1887     1078.7660      143.1340   259.2260    66.8520    6.5578E+00    1.0585E+00    1.0050E+00       357     51     57     51   2.02    7.3077E-01    2.8178E+01
  1370     94    935.0000    120.4545     1000.7300      119.8840   268.3500    65.5167    4.2877E+00    8.6459E-01    7.5000E-01       313     66     49     36   1.73    5.7827E-01    3.5226E+01
  1236     86    938.0000     72.7828      924.3090      101.6300   264.7390    63.7159    3.1615E+00    8.3054E-01    7.2000E-01       274     65     44     32   1.50    5.6834E-01    3.1228E+01
  1090     80    942.0000     52.7746      847.6400      115.3480   235.9250    61.7965    2.6592E+00    7.6743E-01    7.3500E-01       247     64     43     39   1.27    5.5723E-01    3.1060E+01
   981     73    945.0000     45.6862      787.4220      117.3920   207.6940    60.4577    2.4990E+00    7.3277E-01    7.3500E-01       227     73     37     37   1.10    5.4710E-01    3.4565E+01
   895     71    949.0000     41.4637      741.3600      106.7040   196.4910    59.1558    2.4157E+00    7.7533E-01    7.6500E-01       216     69     34     33   0.97    5.9235E-01    2.9294E+01
   820     64    952.0000     38.5235      692.6080       84.7800   171.6580    57.6751    2.3600E+00    6.7085E-01    5.5500E-01       204     73     33     26   0.86    4.7197E-01    3.2494E+01
   775     61    956.0000     33.3968      667.6980      118.5940   162.2600    56.8341    2.1866E+00    6.4673E-01    6.9000E-01       192     69     33     37   0.79    5.5253E-01    2.8037E+01
   729     59    959.0000     29.7225      639.4710      107.7940   146.8580    56.1023    2.0624E+00    6.9461E-01    7.2000E-01       186     70     30     32   0.74    5.9529E-01    3.4227E+01
   692     56    962.0000     34.9231      615.9710       73.6380   131.4560    55.4026    2.3337E+00    5.4785E-01    4.9500E-01       189     66     29     21   0.70    4.7212E-01    3.5156E+01
   660     54    966.0000     35.6146      595.4720       28.6080   116.3630    54.8048    2.3993E+00    6.6734E-01    3.3000E-01       193     64     30      9   0.66    4.9783E-01    3.3998E+01
   636     52    969.0000     35.5203      579.8540       62.7780   105.1490    54.1918    2.4225E+00    6.0739E-01    5.1000E-01       189     63     32     21   0.65    4.7700E-01    3.0611E+01
   608     51    973.0000     30.9466      559.7020       32.1140    88.4270    52.9590    2.2383E+00    5.2776E-01    2.4000E-01       185     72     30     10   0.65    4.1514E-01    3.3204E+01
   592     50    976.0000     27.4811      547.6740       39.7500    76.4100    53.3609    2.0830E+00    6.0233E-01    3.3000E-01       183     71     28     11   0.65    4.4921E-01    3.3135E+01
   576     48    980.0000     30.2396      536.1450       45.3340    66.0370    52.7974    2.2376E+00    5.7766E-01    3.7500E-01       185     74     27     13   0.63    4.7676E-01    3.5631E+01
   558     46    983.0000     28.9051      523.1840       51.1920    60.0320    52.5183    2.1911E+00    6.4808E-01    4.0500E-01       173     58     27     14   0.59    5.5123E-01    3.6957E+01
   541     44    987.0000     28.0102      511.6150       36.0820    51.0980    51.5815    2.1658E+00    4.5071E-01    2.2500E-01       181     80     25      8   0.63    4.0691E-01    3.7337E+01
   525     42    990.0000     26.4912      501.4470       49.0800    44.5520    51.6406    2.1069E+00    5.5738E-01    3.4500E-01       179     63     26     12   0.60    4.8248E-01    3.6377E+01
   517     42    994.0000     29.2954      493.6840       45.3000    39.5120    51.3942    2.2601E+00    6.6042E-01    4.8000E-01       177     51     28     13   0.77    5.7897E-01    3.2674E+01
   511     42    997.0000     35.1154      489.0780       51.3560    38.6510    51.1087    2.5585E+00    6.8219E-01    4.3500E-01       185     56     27     15   0.60    5.1093E-01    3.5170E+01
   506     41   1001.0000     34.7263      485.3800       34.8520    35.7500    50.9374    2.5467E+00    7.1732E-01    3.3000E-01       181     39     24      9   0.57    5.4249E-01    3.8772E+01
   500     40   1004.0000     31.6121      477.4140       61.6580    29.0880    50.7726    2.3943E+00    5.0793E-01    4.3500E-01       185     66     24     17   0.58    4.9241E-01    3.6477E+01
   496     38   1007.0000     32.9672      470.4860       49.2100    24.9080    50.5186    2.4609E+00    5.8809E-01    3.7500E-01       180     60     26     12   0.57    5.4994E-01    3.5164E+01
   489     38   1011.0000     33.8240      463.7530       31.5860    20.4310    50.3474    2.5106E+00    6.4758E-01    2.1000E-01       176     50     27      8   0.54    5.3419E-01    3.5416E+01
   482     37   1014.0000     35.0593      459.1500       23.1000    15.8340    50.0880    2.5829E+00    5.7641E-01    1.0500E-01       179     60     28      5   0.54    4.2006E-01    3.1518E+01
   481     37   1018.0000     32.5656      458.8870       46.0200    16.9880    47.3593    2.4612E+00    5.2213E-01    2.5500E-01       179     53     24     12   0.54    4.2194E-01    3.8681E+01
   481     37   1021.0000     39.3689      457.5230       23.5300    17.5010    48.7682    2.7902E+00    5.1088E-01    1.9500E-01       180     70     23      6   0.55    4.9369E-01    3.8921E+01
   479     37   1025.0000     33.6297      456.4890       32.8660    17.4010    48.6273    2.5158E+00    5.2702E-01    2.7000E-01       177     58     24      9   0.54    4.6510E-01    3.9313E+01
   479     37   1028.0000     29.3645      456.4830       26.2180    18.1960    49.5944    2.2983E+00    5.0386E-01    2.2500E-01       178     56     25      7   0.56    3.9520E-01    3.7508E+01
   478     36   1032.0000     31.1589      456.1720       62.2460    17.8920    48.9637    2.3931E+00    6.6501E-01    4.9500E-01       179     50     26     18   0.64    5.3328E-01    3.3955E+01
   477     35   1035.0000     37.8976      453.8170       41.9040    19.6880    50.0664    2.7252E+00    7.3675E-01    4.0500E-01       179     49     27     12   0.63    6.1442E-01    3.4769E+01
   474     35   1039.0000     41.6698      451.8740       48.5820    20.0200    48.5360    2.9089E+00    6.6742E-01    4.5000E-01       181     40     27     13   0.61    5.5016E-01    3.5921E+01
   470     34   1042.0000     44.3731      446.4430       51.0260    17.0740    49.5174    3.0350E+00    6.4329E-01    5.1000E-01       181     46     28     17   0.51    5.4061E-01    3.0102E+01
   471     35   1046.0000     44.5809      448.7910       44.6840    17.0740    48.2501    3.0463E+00    5.2455E-01    4.2000E-01       177     56     27     13   0.52    4.8690E-01    3.3938E+01
   471     35   1049.0000     41.0939      448.7720       36.1760    17.0740    46.7915    2.8853E+00    7.3810E-01    3.0000E-01       177     44     29     11   0.52    5.3318E-01    3.2510E+01
   470     35   1053.0000     40.6195      445.7560       49.2600    15.5850    45.6281    2.8599E+00    6.6309E-01    4.2000E-01       180     62     29     14   0.53    5.3422E-01    3.3021E+01
   470     35   1056.0000     38.2491      445.7330       43.4040    16.6180    47.0521    2.7474E+00    6.3611E-01    4.0500E-01       178     59     29     14   0.53    5.3877E-01    3.1163E+01
   468     36   1059.0000     38.1610      443.6900       73.4220    15.6930    47.3047    2.7453E+00    6.7541E-01    6.6000E-01       175     50     29     24   0.51    5.9352E-01    3.0677E+01
   468     36   1063.0000     38.9053      441.0150       54.4140    15.6930    48.9140    2.7753E+00    6.3483E-01    4.5000E-01       178     60     29     18   0.52    5.0386E-01    3.0015E+01
   468     35   1066.0000     43.1016      440.8310       60.8620    15.5180    45.9978    2.9710E+00    6.4560E-01    5.4000E-01       178     51     29     22   0.50    5.1939E-01    2.6726E+01
   468     35   1070.0000     45.6477      439.1960       31.7080    14.3480    47.9866    3.0831E+00    5.5877E-01    2.5500E-01       179     57     27      9   0.51    5.3046E-01    3.1734E+01
   467     35   1073.0000     40.9623      437.8450       33.4600    15.5790    45.1821    2.8687E+00    7.0791E-01    4.5000E-01       173     48     29     11   0.50    5.6194E-01    3.1411E+01
   467     35   1077.0000     40.8599      437.8390       30.9800    13.7440    46.2670    2.8639E+00    5.8543E-01    2.8500E-01       169     57     30     10   0.52    4.3513E-01    2.8120E+01
   467     35   1080.0000     39.4101      437.8310       54.4900    16.0050    47.6627    2.7957E+00    5.1509E-01    3.9000E-01       171     55     27     19   0.51    3.9620E-01    2.9830E+01
   467     35   1084.0000     42.1543      437.4260       59.4340    17.1070    49.1068    2.9232E+00    6.7954E-01    5.7000E-01       174     57     30     21   0.50    5.3072E-01    2.8795E+01
   466     34   1087.0000     50.2483      435.3030       71.6320    15.4350    47.5027    3.2848E+00    7.7943E-01    6.7500E-01       183     49     28     23   0.57    6.3506E-01    3.1743E+01
   466     34   1091.0000     50.4769      435.2990       42.2520    14.7960    48.1831    3.2947E+00    7.8115E-01    4.6500E-01       184     48     32     15   0.57    6.1904E-01    2.6522E+01
   466     34   1094.0000     47.3975      435.2710       57.5020    17.3810    48.6388    3.1592E+00    9.1398E-01    7.6500E-01       179     38     30     21   0.55    7.3584E-01    2.6981E+01
   464     33   1098.0000     50.4359      429.7800       36.7580    16.2070    49.2159    3.2866E+00    6.7302E-01    4.6500E-01       174     46     32     15   0.48    5.0428E-01    2.5988E+01
   463     33   1101.0000     47.0928      427.7560       51.4520    15.7940    43.8352    3.1384E+00    8.5238E-01    6.9000E-01       169     38     30     17   0.47    7.0794E-01    2.8900E+01
   463     33   1104.0000     42.6428      427.7510       46.9160    16.5110    44.8547    2.9374E+00    7.0825E-01    4.9500E-01       168     49     29     16   0.48    5.9048E-01    2.8623E+01
   463     33   1108.0000     44.8803      427.7510       55.1040    16.5550    48.9141    3.0393E+00    8.0162E-01    6.6000E-01       166     49     31     20   0.48    6.5085E-01    2.7552E+01
   462     33   1111.0000     45.4698      425.7010       87.1940    16.8730    47.0478    3.0645E+00    6.9237E-01    7.3500E-01       172     51     29     31   0.47    6.1263E-01    2.7972E+01
   462     33   1115.0000     52.6178      425.6970       46.7240    17.0260    47.8862    3.3778E+00    7.5437E-01    4.8000E-01       172     45     29     17   0.47    5.5039E-01    2.8820E+01
   461     33   1118.0000     49.9147      424.9570       58.4660    17.1840    47.9442    3.2630E+00    7.8151E-01    6.9000E-01       173     43     28     20   0.46    6.8228E-01    2.9233E+01
   461     33   1122.0000     49.7144      423.6750       40.6420    16.6930    48.9050    3.2510E+00    6.5515E-01    4.9500E-01       174     53     33     16   0.48    5.2147E-01    2.4485E+01
   460     33   1125.0000     44.4853      423.4350       68.7180    16.7240    43.2584    3.0218E+00    8.6643E-01    7.8000E-01       174     41     30     24   0.45    7.1786E-01    2.8234E+01
   460     33   1129.0000     48.3213      423.4340       54.2100    17.2430    44.2227    3.1931E+00    7.9830E-01    6.7500E-01       171     46     30     20   0.46    6.4919E-01    2.7105E+01
   460     33   1132.0000     46.6458      423.4310       62.9940    19.2990    45.0942    3.1188E+00    7.3362E-01    6.0000E-01       166     49     26     20   0.47    5.7790E-01    3.1497E+01
   460     33   1136.0000     47.1551      423.4260       68.0460    19.7490    45.9651    3.1415E+00    7.3299E-01    6.6000E-01       169     44     28     23   0.46    6.4428E-01    2.9705E+01
   460     33   1139.0000     47.6394      423.4240       57.7980    21.2300    48.1323    3.1630E+00    7.5827E-01    6.1500E-01       169     46     29     20   0.46    6.1234E-01    2.8899E+01
   458     33   1143.0000     49.8359      422.3790       77.1420    20.3790    48.7760    3.2644E+00    7.1511E-01    6.9000E-01       169     48     29     27   0.44    6.2070E-01    2.5669E+01
   456     33   1146.0000     49.7028      421.6380       33.7340    21.5770    46.9274    3.2644E+00    7.6967E-01    4.2000E-01       171     45     29     12   0.46    5.4990E-01    2.9440E+01
   456     33   1150.0000     48.4768      421.6360       29.4420    21.8910    48.3878    3.2105E+00    6.7410E-01    3.9000E-01       168     53     29     11   0.47    5.3577E-01    2.8020E+01
   455     33   1153.0000     52.6529      421.1450       56.6640    21.4020    47.6493    3.3950E+00    6.7360E-01    5.7000E-01       165     53     26     19   0.47    5.8594E-01    2.9468E+01
   454     33   1156.0000     51.7714      420.3570       28.1680    20.8290    48.3672    3.3589E+00    6.1614E-01    2.7000E-01       172     41     26      8   0.47    4.9712E-01    3.0769E+01
   453     33   1160.0000     50.6581      419.5460       16.8320    21.5820    45.7519    3.3124E+00    8.0462E-01    3.0000E-01       170     42     28      7   0.46    5.3731E-01    2.9866E+01
   452     34   1163.0000     51.7324      418.3400       22.6160    21.9170    47.4855    3.3598E+00    7.0323E-01    3.1500E-01       165     45     25      7   0.46    6.4842E-01    3.2862E+01
   451     34   1167.0000     50.7252      415.4450       57.7820    20.3690    46.8818    3.3123E+00    6.1932E-01    5.4000E-01       161     64     28     19   0.48    5.4971E-01    3.0347E+01
   451     33   1170.0000     54.8624      414.5710       50.6500    21.3110    47.9574    3.4876E+00    6.4061E-01    5.1000E-01       161     52     24     16   0.47    5.8521E-01    3.1897E+01
   450     33   1174.0000     57.7591      414.0990       47.1760    23.9700    46.2839    3.6123E+00    6.2958E-01    4.0500E-01       166     50     24     14   0.47    5.4661E-01    3.4282E+01
   449     33   1177.0000     54.9217      412.9180       38.5740    25.6290    47.6337    3.4938E+00    6.0527E-01    4.0500E-01       165     48     26     11   0.47    4.5343E-01    2.9513E+01
   448     33   1181.0000     54.1935      412.4600       56.4440    25.1790    47.7411    3.4658E+00    7.5468E-01    5.2500E-01       160     43     26     17   0.48    5.6085E-01    3.2399E+01
   445     32   1184.0000     48.5574      410.9220       33.3480    24.3750    47.3213    3.2287E+00    5.7376E-01    3.1500E-01       163     49     24     10   0.54    4.8371E-01    3.2136E+01
   444     32   1188.0000     42.3440      410.2550       43.3200    22.4590    48.2128    2.9491E+00    4.5102E-01    3.4500E-01       161     51     23     12   0.60    4.0436E-01    3.4555E+01
   440     33   1191.0000     45.6641      407.1770       27.1520    20.2360    47.7021    3.1086E+00    7.2937E-01    2.4000E-01       158     46     26      8   0.63    6.3193E-01    3.1467E+01
   435     33   1195.0000     49.5536      403.3930       49.0840    23.0980    46.5949    3.2926E+00    6.3645E-01    4.0500E-01       160     41     26     15   0.83    5.1934E-01    2.9898E+01
   427     32   1198.0000     38.7868      395.8770       35.4840    22.9070    46.5720    2.8069E+00    5.6904E-01    3.3000E-01       160     48     24     11   1.67    4.8229E-01    3.1074E+01
   421     32   1201.0000     29.9644      390.6580       32.6480    28.7820    47.2231    2.3707E+00    6.8591E-01    4.8000E-01       150     52     25     11   1.75    6.4571E-01    2.8569E+01
   407     32   1205.0000     65.9181      382.7370       25.6160    35.7880    46.6307    4.0556E+00    6.3243E-01    3.4500E-01       139     34     22      8   1.55    5.8475E-01    3.1200E+01
   383     32   1208.0000     92.0455      368.1250       34.9480    43.6510    46.7173    5.1667E+00    6.8502E-01    5.7000E-01       130     37     22     12   1.31    6.8094E-01    3.0286E+01
   365     29   1212.0000    113.7083      352.1050       20.8780    42.7250    46.0399    6.0134E+00    5.1700E-01    2.7000E-01       122     31     20      6   1.11    5.1700E-01    3.1495E+01
   345     27   1215.0000    112.1090      337.5600       38.6140    45.2050    45.3759    6.0525E+00    5.7696E-01    4.3500E-01       114     39     19     12   0.94    6.1429E-01    3.1617E+01
   328     26   1219.0000     97.0681      326.8230       30.5680    53.6730    44.8433    5.5871E+00    6.5177E-01    3.6000E-01       101     29     16      9   0.81    7.1977E-01    3.3776E+01
   314     26   1222.0000     69.6227      315.8370       33.5220    63.4210    44.0066    4.5295E+00    4.0652E-01    2.5500E-01        96     34     17     10   0.73    4.7930E-01    3.2019E+01
   299     26   1226.0000     62.9236      306.1510       49.2540    62.7800    43.2605    4.3001E+00    4.9191E-01    4.9500E-01        87     31     15     15   0.65    6.4750E-01    3.2709E+01
   286     25   1229.0000     40.7123      293.9630       23.7420    70.1230    42.9181    3.2486E+00    3.8092E-01    2.1000E-01        79     36     13      6   0.60    6.2998E-01    3.3603E+01
   277     24   1233.0000     32.5784      288.4340       31.6280    78.4540    42.3170    2.8296E+00    5.4265E-01    4.8000E-01        73     25     12      8   0.55    8.0205E-01    3.4599E+01
   270     24   1236.0000     30.4480      281.5570       23.2240    76.8180    42.0960    2.7194E+00    3.5203E-01    2.4000E-01        68     28     12      6   0.54    5.1851E-01    3.3143E+01
   258     23   1240.0000     22.8235      269.6100       47.7020    74.7000    41.8633    2.2651E+00    4.5571E-01    4.9500E-01        64     33     11     13   0.52    5.9435E-01    3.4075E+01
   247     22   1243.0000     17.3214      258.6430       15.6940    71.8990    40.5715    1.9015E+00    4.1728E-01    2.8500E-01        59     28     12      6   0.49    7.9282E-01    3.1876E+01
   238     21   1247.0000     17.6953      251.2370       27.2980    70.6590    41.0475    1.9475E+00    5.7897E-01    5.4000E-01        60     38     12      9   0.48    7.0321E-01    3.0425E+01
   228     21   1250.0000     16.1836      244.5540       21.8840    68.3800    40.4420    1.8595E+00    3.7928E-01    2.7000E-01        60     30     10      6   0.46    6.2377E-01    3.2462E+01
   221     20   1253.0000     15.8172      238.0640       44.7260    68.9140    39.7719    1.8446E+00    4.8696E-01    5.2500E-01        59     32     11     14   0.45    6.3401E-01    3.2160E+01
   207     20   1257.0000     15.8398      225.6500       36.1000    59.0880    39.3404    1.8760E+00    7.3583E-01    7.5000E-01        56     23     11     11   0.39    9.2270E-01    3.3611E+01
   198     20   1260.0000     15.1773      219.2440       38.7240    53.4430    39.3319    1.8478E+00    4.7509E-01    5.2500E-01        54     30     10     11   0.41    7.5894E-01    3.3248E+01
   192     19   1264.0000     11.0599      213.5130       19.1380    52.0960    38.2327    1.5068E+00    4.0297E-01    3.3000E-01        52     33     11      7   0.45    6.3203E-01    3.2658E+01
   186     19   1267.0000     13.1413      207.4850       31.2400    46.7100    37.9814    1.7017E+00    4.5864E-01    4.5000E-01        55     31     10      9   0.45    6.4665E-01    3.3697E+01
   177     18   1271.0000     13.0245      198.0060       24.3140    38.9780    37.7884    1.7082E+00    4.3736E-01    3.7500E-01        55     30     11      8   0.43    8.0727E-01    3.1463E+01
   173     18   1274.0000     15.0080      193.9030       27.4840    37.2350    37.6450    1.8863E+00    3.1515E-01    2.7000E-01        52     36      9      8   0.49    6.3005E-01    3.3845E+01
   170     18   1278.0000     13.3804      190.6400       22.0180    35.4240    37.4740    1.7530E+00    4.0755E-01    3.0000E-01        53     30     10      7   0.42    6.4771E-01    3.0506E+01
   165     17   1281.0000     16.2302      185.4780       19.0440    32.1010    36.7970    2.0059E+00    5.1739E-01    1.3500E-01        53     27     11      6   0.41    7.9147E-01    3.0381E+01
   163     17   1285.0000     17.2332      184.1300       16.1580    31.3160    37.0631    2.0956E+00    3.3744E-01    1.6500E-01        54     26     10      5   0.51    7.4860E-01    2.8690E+01
   160     17   1288.0000     17.7080      182.5470       45.9360    30.7040    36.3629    2.1479E+00    7.0060E-01    7.8000E-01        52     22      9     13   0.42    9.6975E-01    3.4380E+01
   157     16   1292.0000     18.6424      179.5970       35.0760    29.0120    35.5101    2.2320E+00    7.4898E-01    7.8000E-01        58     15     12     13   0.42    1.0637E+00    2.8605E+01
   156     16   1295.0000     19.9755      177.8400       40.2340    29.1090    36.3191    2.3371E+00    7.4801E-01    1.0050E+00        58     13      8     13   0.41    1.2397E+00    2.6978E+01
   155     16   1298.0000     21.9682      177.6860       31.9960    28.9560    36.2786    2.4974E+00    7.0532E-01    7.6500E-01        56     14      9      9   0.40    1.2046E+00    3.2777E+01
   151     16   1302.0000     22.0735      173.4510       29.3380    24.7250    36.2016    2.5183E+00    7.6992E-01    7.6500E-01        55     16     11     10   0.32    1.0894E+00    2.9666E+01
   148     16   1305.0000     20.2988      168.4250       16.8460    19.7020    35.7758    2.3822E+00    6.5315E-01    4.2000E-01        52     15     10      6   0.33    1.0842E+00    3.1419E+01
   146     16   1309.0000     20.1701      165.9520       41.4520    20.8980    35.7278    2.3767E+00    6.3934E-01    7.9500E-01        52     19      8     13   0.33    1.0660E+00    2.9567E+01
   144     16   1312.0000     18.8156      163.1880       27.2340    19.6360    35.2323    2.2721E+00    7.7716E-01    7.6500E-01        51     15     11     10   0.33    1.1430E+00    2.8777E+01
   142     15   1316.0000     18.3660      161.7480       52.8160    18.2000    34.7690    2.2448E+00    8.2100E-01    1.1100E+00        52     16     11     19   0.33    1.1542E+00    2.7997E+01
   140     15   1319.0000     18.5732      159.9820       33.2680    16.4400    34.0642    2.2695E+00    7.5406E-01    7.9500E-01        51     18     11     12   0.34    1.1034E+00    2.9552E+01
   140     15   1323.0000     19.5636      159.9740       39.5800    17.1890    35.3418    2.3494E+00    6.3668E-01    7.5000E-01        50     19     10     12   0.33    1.0065E+00    3.0720E+01
   138     15   1326.0000     15.6887      157.1460       45.3700    17.4280    34.3361    2.0305E+00    6.7130E-01    8.2500E-01        50     18      9     13   0.33    1.0830E+00    3.2269E+01
   137     15   1330.0000     14.8589      154.7510       51.1560    16.0900    33.9223    1.9554E+00    8.4315E-01    1.0050E+00        51     18      8     18   0.33    1.0383E+00    2.7438E+01
   135     14   1333.0000     16.5110      151.1790       48.8040    12.5330    34.9507    2.0968E+00    1.0217E+00    1.1400E+00        52      9     11     16   0.32    1.1986E+00    2.9588E+01
   134     14   1337.0000     19.0703      150.4180       30.7080    11.7730    33.4348    2.3130E+00    9.0004E-01    9.3000E-01        53     16     10     11   0.30    1.0807E+00    2.9002E+01
   133     14   1340.0000     21.2125      149.4980       30.5580    10.8540    34.3949    2.4873E+00    7.5227E-01    8.2500E-01        52     14     10     11   0.29    1.1347E+00    2.9447E+01
   132     14   1343.0000     21.3777      148.9300       26.4800    11.0700    31.4289    2.5064E+00    6.4228E-01    4.9500E-01        50     15      8      7   0.30    1.2442E+00    2.8905E+01
   132     14   1347.0000     22.5737      148.9290       34.4680    11.0700    31.1889    2.5991E+00    7.3185E-01    8.1000E-01        50     15      9     11   0.30    1.1810E+00    3.1038E+01
   132     14   1350.0000     25.8503      148.9200       39.8120    11.3960    32.0043    2.8448E+00    7.0566E-01    8.4000E-01        50     20      9     13   0.30    9.9411E-01    2.9065E+01
   132     14   1354.0000     27.1137      147.7400       38.5960    12.6270    33.3137    2.9290E+00    7.4321E-01    7.9500E-01        51     18      8     12   0.29    1.1853E+00    3.1268E+01
   131     14   1357.0000     24.4903      145.8420       29.7340    10.7920    34.0847    2.7354E+00    6.6164E-01    7.9500E-01        51     12      9      9   0.28    1.2744E+00    3.1074E+01
   130     14   1361.0000     28.2989      143.7570       21.2940     9.8240    31.4946    3.0092E+00    6.1901E-01    5.7000E-01        51     21      9      7   0.28    9.1836E-01    3.1276E+01
   130     14   1364.0000     26.7999      143.7510       38.8580     9.6710    32.6363    2.9019E+00    7.3696E-01    7.9500E-01        50     16      8     11   0.28    1.1742E+00    3.3400E+01
   130     14   1368.0000     26.2321      143.7460       21.3020     9.6710    33.9417    2.8607E+00    5.2853E-01    4.0500E-01        50     22      8      5   0.29    8.7211E-01    3.0526E+01
   128     14   1371.0000     29.0721      142.1350       26.3000     8.0610    32.6794    3.0758E+00    6.1737E-01    6.1500E-01        50     18      8      7   0.30    1.0598E+00    2.9961E+01
   128     14   1375.0000     28.1848      142.1280       27.0740     9.0020    33.6974    3.0129E+00    5.1952E-01    5.7000E-01        51     16      7      7   0.29    1.3455E+00    2.8608E+01
   127     14   1378.0000     25.1497      140.8720       23.6740     8.4850    30.5636    2.7951E+00    5.8567E-01    5.8500E-01        51     14      8      7   0.29    1.1847E+00    2.9052E+01
   127     14   1382.0000     23.5470      140.8700       24.7900     8.4850    31.1739    2.6751E+00    5.6415E-01    5.4000E-01        49     19      8      7   0.31    1.0010E+00    2.9696E+01
   127     14   1385.0000     22.2217      140.8690       20.5540     8.4850    32.2464    2.5737E+00    3.8687E-01    3.7500E-01        51     17      7      6   0.31    1.0673E+00    3.2359E+01
   127     14   1389.0000     27.5491      140.8660       30.0740     8.4850    33.7278    2.9701E+00    5.7515E-01    6.4500E-01        51     17      9      9   0.30    1.1349E+00    3.0704E+01
   125     14   1392.0000     23.1317      139.5830       17.8960     7.9500    33.7808    2.6563E+00    4.9057E-01    3.0000E-01        49     14      9      5   0.29    1.1963E+00    3.1756E+01
   124     14   1395.0000     24.4829      139.4280       22.7700     7.8030    31.7787    2.7687E+00    7.0551E-01    6.6000E-01        48     14      9      8   0.28    1.1931E+00    2.9937E+01
   124     14   1399.0000     27.5085      139.4200       30.1520     7.9560    32.1012    2.9923E+00    6.0869E-01    6.4500E-01        48     13      8      9   0.30    1.1817E+00    3.2719E+01
   124     14   1402.0000     24.6206      139.4160       37.4020     7.9560    32.6914    2.7790E+00    7.0617E-01    8.5500E-01        48     17      7     10   0.30    1.1163E+00    3.3040E+01
   123     14   1406.0000     25.0878      139.0760       23.0020     7.6300    33.0015    2.8231E+00    9.4509E-01    6.6000E-01        49      9      8      6   0.30    1.3396E+00    3.4354E+01
   122     14   1409.0000     19.9613      138.0290       51.5680     6.2810    33.5178    2.4278E+00    9.5999E-01    1.2750E+00        50     11      9     16   0.31    1.4199E+00    3.0802E+01
   121     14   1413.0000     17.0982      137.7240       30.5560     5.9800    32.8217    2.1970E+00    7.7832E-01    8.2500E-01        48     19     11     12   0.34    1.0134E+00    2.7228E+01
   120     14   1416.0000     16.6939      136.9790       37.4840     5.9860    30.4289    2.1672E+00    6.5646E-01    7.9500E-01        48     17      9     12   0.33    1.0949E+00    3.0818E+01
   120     14   1420.0000     19.1954      136.9730       36.4640     5.9860    31.9095    2.3786E+00    6.5368E-01    7.9500E-01        47     16      8     12   0.31    1.1192E+00    3.0734E+01
   120     14   1423.0000     21.3745      136.9630       27.0400     5.2420    32.8801    2.5553E+00    5.6164E-01    6.1500E-01        50     15      6      6   0.32    1.2356E+00    2.9402E+01
   119     14   1427.0000     24.2390      135.7260       18.6720     4.0100    30.7346    2.7819E+00    3.5243E-01    2.7000E-01        51     16      7      5   0.33    1.1615E+00    3.0605E+01
   119     14   1430.0000     23.6627      135.7200       25.5720     4.0100    31.3394    2.7375E+00    8.7690E-01    8.2500E-01        51     13      9      8   0.32    1.2681E+00    2.9141E+01
   119     14   1434.0000     21.2543      135.7110       41.2980     4.9010    33.5034    2.5484E+00    9.6770E-01    1.0950E+00        49     11      9     14   0.34    1.5656E+00    2.6236E+01
   118     14   1437.0000     22.3905      135.2100       27.9560     8.4670    33.0679    2.6462E+00    7.3427E-01    7.3500E-01        46     10      8      8   0.40    1.4507E+00    2.9888E+01
   115     14   1440.0000     23.8772      130.8170       16.6880     6.2830    30.9914    2.7668E+00    5.2862E-01    4.2000E-01        48     15      8      5   0.50    1.1785E+00    2.8066E+01
   113     14   1444.0000     20.4322      128.3330       46.3720     6.3590    28.6409    2.4994E+00    7.3848E-01    9.4500E-01        46     18     10     17   0.75    1.1223E+00    2.8045E+01
   113     14   1447.0000     10.2344      128.2390       31.5580     6.3590    28.1329    1.5760E+00    5.4007E-01    6.4500E-01        48     24      9     11   0.97    8.5644E-01    2.8060E+01
   113     14   1451.0000     24.7319      126.6820       25.6240     6.8790    30.5058    2.8265E+00    7.7339E-01    8.1000E-01        48     16      9     10   0.90    1.2200E+00    2.6467E+01
   112     14   1454.0000     31.1004      125.2380       35.3080    12.4480    30.5599    3.2948E+00    1.1769E+00    1.3500E+00        46      6      9     12   0.83    1.7949E+00    2.6159E+01
   111     14   1458.0000     42.3861      124.0570       26.4740    17.9230    31.1480    4.0552E+00    1.5110E+00    1.6350E+00        41      4      8      9   0.80    2.1633E+00    2.8287E+01
   106     13   1461.0000     48.1807      119.4520       22.1480    19.9620    30.9252    4.4611E+00    1.3158E+00    1.3350E+00        39      4      7      7   0.62    2.7838E+00    2.7278E+01
   102     13   1465.0000     50.9447      117.1880       18.6940    25.5100    31.4365    4.6878E+00    1.1555E+00    1.4100E+00        32      5      6      6   0.55    3.0377E+00    2.7416E+01
    97     13   1468.0000     41.4780      113.1440       20.7740    30.9850    31.3096    4.1397E+00    1.1037E+00    1.3650E+00        28      2      6      7   0.48    2.8853E+00    2.7649E+01
