 10033    467      0.0000     37.0420     6396.5460     1648.2780     0.0000     9.0321    1.1543E+00    4.8399E-01    5.4000E-01      5005   4185   1036   1342   3.01    1.2166E-01    8.7120E+00
 10009    481      3.0000     39.0292     6390.8700     1659.6740     0.0000    22.6100    1.1965E+00    4.6232E-01    5.2500E-01      4834   3741    767   1062   3.04    1.3883E-01    8.0510E+00
 10013    476      6.0000     38.4975     6319.8330     1011.7660     0.0000    37.2299    1.1810E+00    3.9492E-01    3.6000E-01      4525   3574    580    452   3.09    1.1140E-01    2.6277E+01
 10009    478     10.0000     43.9713     6248.3470     1075.9860    16.3870    51.9203    1.2858E+00    4.3451E-01    4.0500E-01      4472   3074    524    432   2.96    1.4309E-01    2.7743E+01
 10004    478     13.0000     47.3463     6071.5940     1022.3280     5.5800    76.0276    1.3383E+00    4.7253E-01    4.3500E-01      4227   2660    554    461   3.06    1.4288E-01    4.3025E+01
  9996    477     17.0000     55.7395     5908.6560      931.3920    10.8860    70.8300    1.4794E+00    5.6726E-01    5.2500E-01      4277   2252    637    494   3.00    1.7311E-01    8.6750E+00
  9986    474     20.0000     59.9552     5802.2230     1263.2940    10.2060    75.3252    1.5446E+00    5.3375E-01    5.5500E-01      4229   2096    570    621   2.69    1.6479E-01    3.1938E+01
  9973    472     24.0000     68.0016     5684.2370     1267.3460    14.2870    73.7465    1.6697E+00    5.9343E-01    6.3000E-01      4314   1771    546    617   2.48    2.0714E-01    1.9138E+01
  9964    472     27.0000     66.2388     5657.3800      916.5300    14.1600    74.7030    1.6390E+00    5.9357E-01    5.2500E-01      4246   1873    583    422   2.57    1.7431E-01    6.0550E+00
  9946    472     30.0000     73.2190     5558.4140     1191.4320    19.7160    74.8912    1.7438E+00    6.0533E-01    6.3000E-01      4202   1648    548    594   2.42    1.7613E-01    1.3844E+01
  9933    467     34.0000     75.0355     5474.1520     1056.0800    18.1720    75.0261    1.7648E+00    6.0258E-01    6.0000E-01      4209   1598    501    493   2.43    2.0178E-01    3.5310E+01
  9917    467     37.0000     77.9826     5455.7280      966.8800    17.6540    75.1514    1.8104E+00    6.0372E-01    5.5500E-01      4174   1547    500    398   2.33    1.6826E-01    4.7101E+01
  9909    466     41.0000     77.7263     5421.9610      885.6220    18.9860    72.8521    1.8036E+00    6.0171E-01    5.4000E-01      4022   1460    485    369   2.36    1.7541E-01    3.8234E+01
  9899    464     44.0000     79.1652     5413.2430     1068.6520    19.1180    73.2360    1.8259E+00    5.4263E-01    5.4000E-01      4030   1508    405    401   2.29    1.7488E-01    2.2604E+01
  9890    464     48.0000     83.6326     5381.8840     1061.9620    20.1860    75.3415    1.8913E+00    6.0264E-01    6.0000E-01      4120   1435    465    460   2.38    1.8611E-01    4.2310E+01
  9884    462     51.0000     84.1020     5351.7470      789.6600    20.9620    73.6052    1.8955E+00    5.6401E-01    4.8000E-01      4078   1442    419    284   2.38    1.7209E-01    3.8031E+01
  9871    462     54.0000     85.2681     5323.1780      520.2800    20.8750    74.1948    1.9110E+00    5.5254E-01    3.7500E-01      3988   1358    386    166   2.24    1.4702E-01    4.3181E+01
  9867    461     58.0000     85.9744     5287.6750      546.4220    22.2480    73.3292    1.9177E+00    5.5289E-01    3.9000E-01      3919   1321    389    171   2.20    1.4844E-01    4.7543E+01
  9861    460     61.0000     87.9143     5253.0660      469.2740    23.3200    74.0859    1.9429E+00    5.6667E-01    3.4500E-01      3915   1319    408    130   2.19    1.4482E-01    5.7178E+01
  9854    459     65.0000     92.2609     5227.6120      498.4500    22.3470    74.5271    2.0040E+00    5.6483E-01    3.3000E-01      3929   1287    412    127   2.17    1.5477E-01    4.2178E+01
  9843    457     68.0000     94.1666     5206.0680      200.3660    19.1700    73.0773    2.0300E+00    5.9260E-01    1.9500E-01      3864   1216    410     45   2.13    1.2396E-01    6.0767E+01
  9839    454     72.0000     99.2886     5187.9200      722.8780    21.6010    74.1548    2.1011E+00    5.9109E-01    4.6500E-01      3882   1133    380    224   2.10    1.6398E-01    3.2492E+01
  9830    455     75.0000     98.3870     5167.4220      595.1440    20.1310    74.1019    2.0867E+00    6.0314E-01    4.3500E-01      3870   1142    391    175   2.10    1.7948E-01    3.9526E+01
  9823    451     78.0000     95.3352     5153.6820      980.9880    22.2640    74.1234    2.0424E+00    6.3128E-01    6.1500E-01      3864   1163    424    397   2.19    1.9956E-01    2.6504E+01
  9810    452     82.0000     99.2402     5137.7120      664.2760    22.3890    71.7592    2.0972E+00    6.0919E-01    4.6500E-01      3841   1096    380    203   2.14    1.6060E-01    3.9944E+01
  9812    450     85.0000    100.8507     5124.0600      900.0520    21.8460    72.4668    2.1177E+00    6.2871E-01    6.0000E-01      3828   1072    398    346   2.14    2.0398E-01    2.9212E+01
  9813    449     89.0000    105.2879     5119.4670      808.4280    17.3410    68.2224    2.1786E+00    6.3310E-01    5.4000E-01      3801   1009    383    268   2.06    1.8451E-01    2.9223E+01
  9813    448     92.0000    106.9015     5110.5410      694.8520    14.0190    73.0233    2.1995E+00    6.1609E-01    4.8000E-01      3813   1040    376    198   2.06    1.9682E-01    4.0464E+01
  9812    448     96.0000    106.3281     5097.1850      460.9180    14.4960    71.5042    2.1899E+00    5.9544E-01    3.9000E-01      3695   1039    347    137   2.02    1.7830E-01    5.0537E+01
  9812    447     99.0000    107.1671     5088.0780      685.2620    27.0510    73.5973    2.2001E+00    6.4527E-01    4.8000E-01      3754    984    410    208   2.03    1.8785E-01    4.3694E+01
  9811    444    102.0000    115.6687     5058.4000      827.0440    51.8400    70.0019    2.3105E+00    7.0447E-01    6.3000E-01      3879    906    422    329   1.98    1.9079E-01    4.4159E+01
  9807    444    106.0000    112.7648     5049.6530      563.7080    83.1540    72.9369    2.2709E+00    6.4034E-01    4.8000E-01      3794    999    379    197   1.99    1.7088E-01    4.8520E+01
  9793    443    109.0000    114.8250     5015.9790      456.8580    94.4770    73.3051    2.2953E+00    6.6766E-01    4.2000E-01      3723    949    392    133   1.97    1.8674E-01    4.8075E+01
  9765    441    113.0000    112.9666     4991.9120      561.1840    98.3120    73.3798    2.2707E+00    6.6569E-01    4.8000E-01      3698    893    382    193   1.96    1.8480E-01    4.9484E+01
  9725    438    116.0000    113.6420     4959.1930      218.2480    85.3140    73.3140    2.2802E+00    6.6352E-01    2.8500E-01      3657    905    378     54   1.94    2.0267E-01    3.9099E+01
  9676    435    120.0000    113.0112     4939.6230      398.4160    81.9480    73.2215    2.2755E+00    6.7274E-01    4.3500E-01      3629    911    385    126   1.94    1.9572E-01    4.3640E+01
  9636    435    123.0000    114.4763     4925.8310      773.2100    79.5220    72.8674    2.2985E+00    6.4404E-01    5.7000E-01      3653    921    358    268   1.94    2.0665E-01    3.2460E+01
  9604    432    126.0000    116.6811     4903.3820      610.6180    78.0660    73.0517    2.3289E+00    6.3680E-01    5.1000E-01      3683    890    352    211   1.93    1.9317E-01    2.8224E+01
  9570    430    130.0000    120.0474     4874.1960      186.3660    74.5460    72.8090    2.3737E+00    6.3179E-01    2.2500E-01      3672    894    366     45   1.91    1.5192E-01    6.5631E+01
  9544    429    133.0000    117.5541     4863.3950      164.8820    70.4980    72.6132    2.3428E+00    6.3991E-01    1.8000E-01      3566    889    358     27   1.91    1.5536E-01    7.0886E+01
  9515    428    137.0000    121.1585     4843.2080      332.4220    65.4100    72.5786    2.3913E+00    6.4285E-01    3.0000E-01      3577    825    358     77   1.90    1.5926E-01    6.6699E+01
  9493    426    140.0000    120.3522     4826.7310      177.7800    58.2730    72.2937    2.3813E+00    6.3518E-01    1.9500E-01      3595    885    359     33   1.92    1.5759E-01    6.2940E+01
  9475    427    144.0000    120.1703     4813.5900      353.7300    52.5050    72.3688    2.3793E+00    6.4595E-01    3.6000E-01      3544    839    361    100   1.90    1.8154E-01    6.4784E+01
  9455    427    147.0000    132.9700     4774.8420      375.4940    46.3170    72.2489    2.5417E+00    6.9106E-01    4.2000E-01      3599    767    381    114   1.85    2.1146E-01    6.7664E+01
  9435    426    150.0000    127.9222     4765.0980      708.5680    43.6250    71.5434    2.4784E+00    6.8514E-01    5.8500E-01      3608    761    370    258   1.85    2.1298E-01    3.6762E+01
  9421    426    154.0000    127.2491     4747.6170      593.9760    45.3720    71.9074    2.4688E+00    6.9605E-01    5.2500E-01      3575    724    348    185   1.85    2.0114E-01    3.3531E+01
  9410    425    157.0000    129.6013     4733.7000      516.8100    44.6820    71.3466    2.4984E+00    7.1506E-01    4.5000E-01      3574    766    372    153   1.84    1.7070E-01    5.2937E+01
  9394    425    161.0000    130.8188     4709.8800      534.7020    43.6730    72.0512    2.5123E+00    7.7639E-01    5.7000E-01      3576    717    413    203   1.82    2.5804E-01    5.5163E+01
  9376    425    164.0000    135.6292     4702.7060      448.0740    42.1540    71.9672    2.5751E+00    7.4986E-01    4.8000E-01      3540    697    369    143   1.79    1.9544E-01    3.4555E+01
  9357    425    168.0000    131.4812     4692.0120      347.5420    43.4350    71.1980    2.5234E+00    7.0764E-01    4.0500E-01      3548    750    376    101   1.83    1.9008E-01    5.2004E+01
  9334    425    171.0000    135.7517     4679.1180      358.6340    38.9150    71.2217    2.5791E+00    6.7949E-01    3.7500E-01      3528    744    361     99   1.81    1.7227E-01    6.3301E+01
  9307    424    174.0000    133.9825     4665.5310      327.2640    41.5230    71.4517    2.5585E+00    6.7378E-01    3.7500E-01      3520    757    358    106   1.83    2.1938E-01    2.8441E+01
  9286    423    178.0000    131.8985     4652.5680      233.2980    45.0960    70.1271    2.5329E+00    6.9066E-01    3.0000E-01      3467    714    336     55   1.82    1.9236E-01    5.4751E+01
  9256    422    181.0000    141.2016     4620.8170      558.7000    51.6680    71.0700    2.6496E+00    7.3468E-01    4.9500E-01      3507    690    348    168   1.83    1.9819E-01    3.6575E+01
  9231    422    185.0000    136.0570     4611.8450      742.9400    54.9370    71.0468    2.5873E+00    7.1977E-01    6.4500E-01      3489    720    362    289   1.86    2.1495E-01    2.4116E+01
  9227    421    188.0000    133.5588     4606.8870      559.6520    51.4850    69.1232    2.5552E+00    7.2474E-01    5.4000E-01      3467    709    356    182   1.90    2.0800E-01    2.2634E+01
  9226    421    192.0000    141.4898     4606.2340      403.0880    42.8100    68.9449    2.6555E+00    7.0735E-01    4.8000E-01      3449    698    369    137   1.84    2.1569E-01    4.9385E+01
  9226    421    195.0000    149.9329     4600.2820      484.2780    31.1700    70.5398    2.7589E+00    7.2808E-01    4.8000E-01      3519    699    362    158   1.79    2.1041E-01    5.3840E+01
  9225    421    198.0000    150.5855     4599.6950      168.1240    21.7820    66.3079    2.7669E+00    7.4684E-01    2.4000E-01      3483    679    364     35   1.75    1.8879E-01    5.8236E+01
  9226    420    202.0000    148.7467     4593.7340      118.4940    26.9900    64.8702    2.7430E+00    7.3789E-01    2.2500E-01      3486    653    359     22   1.76    2.0095E-01    5.5881E+01
  9226    420    205.0000    154.5085     4584.9820      506.3420    42.7180    68.5680    2.8116E+00    7.6180E-01    5.4000E-01      3520    661    369    174   1.73    2.2725E-01    2.5122E+01
  9223    420    209.0000    150.8764     4575.4710      103.6780    69.4670    67.6282    2.7660E+00    7.2127E-01    1.6500E-01      3458    647    325     16   1.74    1.8163E-01    5.5459E+01
  9219    420    212.0000    152.0657     4568.7030      340.1800   100.8060    70.4131    2.7798E+00    7.6915E-01    4.5000E-01      3490    663    386    112   1.73    2.1645E-01    5.9217E+01
  9198    418    216.0000    156.7398     4555.6720       69.6200   128.8140    71.2297    2.8376E+00    7.5417E-01    1.0500E-01      3472    610    336      8   1.70    2.1048E-01    5.6150E+01
  9167    416    219.0000    147.0951     4543.2930      142.8340   157.8170    71.1612    2.7229E+00    7.1831E-01    2.5500E-01      3387    615    328     31   1.72    2.0671E-01    4.9626E+01
  9116    414    223.0000    152.2881     4511.9000      247.8820   171.9450    70.7738    2.7893E+00    7.2146E-01    3.4500E-01      3372    600    322     70   1.70    1.9873E-01    3.9372E+01
  9035    411    226.0000    153.4930     4465.3980      187.8880   163.9780    70.4878    2.8089E+00    7.8263E-01    2.7000E-01      3330    579    351     39   1.67    1.9255E-01    6.3051E+01
  8968    407    229.0000    148.6658     4415.6620      458.7380   160.9490    70.4567    2.7514E+00    7.6206E-01    5.4000E-01      3281    562    333    166   1.68    2.1115E-01    2.9578E+01
  8899    404    233.0000    156.1915     4405.3380      327.2860   149.7730    70.4950    2.8542E+00    7.7910E-01    4.5000E-01      3296    550    340    106   1.65    2.0555E-01    5.1079E+01
  8816    399    236.0000    153.0617     4372.5660      334.8800   124.0820    70.1001    2.8243E+00    7.7752E-01    4.5000E-01      3209    572    346    104   1.65    2.0518E-01    4.6910E+01
  8745    396    240.0000    150.9133     4330.5060      387.7420    98.5800    69.8083    2.8021E+00    7.7272E-01    4.9500E-01      3238    577    354    119   1.66    2.4145E-01    5.4208E+01
  8684    392    243.0000    150.9202     4292.9470      272.1340    75.0600    69.6786    2.8055E+00    7.3346E-01    3.7500E-01      3184    546    316     66   1.64    1.9180E-01    6.3647E+01
  8630    390    247.0000    154.8206     4268.6850      471.5060    58.9400    69.4389    2.8587E+00    8.0504E-01    5.7000E-01      3179    548    349    162   1.63    2.5454E-01    4.7269E+01
  8587    387    250.0000    153.7226     4244.3120      314.2100    51.9690    69.2906    2.8480E+00    8.2289E-01    4.3500E-01      3172    555    358     90   1.64    2.5876E-01    3.7955E+01
  8549    384    253.0000    157.1522     4230.9660      436.0920    46.1140    69.3602    2.8947E+00    8.2770E-01    5.5500E-01      3180    517    352    153   1.67    2.4300E-01    5.6958E+01
  8506    383    257.0000    152.0461     4212.5740      144.4300    42.8740    68.4580    2.8359E+00    8.1618E-01    2.7000E-01      3149    528    342     31   1.80    2.1824E-01    4.7221E+01
  8503    384    260.0000    135.9625     4209.6080      797.7260    32.6880    64.9358    2.6321E+00    8.7822E-01    8.5500E-01      3199    531    394    376   2.07    2.9999E-01    3.7863E+01
  8503    384    264.0000    177.5369     4199.1200      704.8800    24.5040    53.1066    3.1419E+00    9.0531E-01    8.4000E-01      3239    467    376    307   1.82    2.7182E-01    2.8435E+01
  8503    384    267.0000    195.5499     4199.0830      656.0620    19.7220    57.9442    3.3509E+00    9.6897E-01    8.7000E-01      3053    400    362    285   1.61    3.0888E-01    3.6964E+01
  8498    384    271.0000    189.3088     4194.5910      457.7460    15.4130    66.1308    3.2792E+00    9.4756E-01    6.1500E-01      3113    412    364    152   1.57    2.4702E-01    4.8919E+01
  8491    384    274.0000    184.7796     4193.2920      361.4500    44.6480    66.6123    3.2279E+00    9.0487E-01    5.4000E-01      3137    423    345    115   1.57    2.5994E-01    5.3098E+01
  8486    384    277.0000    175.4182     4192.4710      504.9520   122.3310    68.4966    3.1188E+00    8.8859E-01    6.6000E-01      3064    441    352    186   1.58    2.7762E-01    4.4991E+01
  8470    384    281.0000    172.5070     4189.4760      280.9420   202.8270    69.0074    3.0869E+00    8.7818E-01    5.1000E-01      3096    433    331     98   1.59    2.7708E-01    4.7745E+01
  8435    382    284.0000    162.7565     4177.4400      474.4980   274.3360    69.0074    2.9738E+00    8.7371E-01    6.4500E-01      2929    421    319    162   1.58    2.8652E-01    4.7671E+01
  8324    378    288.0000    155.8737     4131.8970      284.2640   312.3180    69.0074    2.9012E+00    8.6282E-01    4.3500E-01      2881    403    297     78   1.56    2.2778E-01    5.9706E+01
  8182    374    291.0000    160.8643     4075.1900      133.8760   314.4660    69.0074    2.9790E+00    8.5239E-01    2.5500E-01      2868    416    289     23   1.52    2.3190E-01    6.2103E+01
  8055    369    295.0000    152.3045     4024.9560      322.0480   311.9430    69.0074    2.8868E+00    7.9167E-01    5.1000E-01      2719    389    267    100   1.51    2.5428E-01    4.5964E+01
  7920    359    298.0000    156.9763     3971.2140      178.3080   291.9570    69.0074    2.9614E+00    7.8638E-01    2.8500E-01      2756    426    276     37   1.50    2.1291E-01    5.7446E+01
  7776    353    301.0000    161.8872     3911.9980      586.7220   264.0920    67.8067    3.0402E+00    8.9515E-01    7.6500E-01      2730    382    300    221   1.48    3.2155E-01    4.9569E+01
  7613    349    305.0000    154.1691     3850.6970      421.7340   229.3190    67.2994    2.9637E+00    8.5959E-01    6.4500E-01      2656    395    300    165   1.48    2.6991E-01    2.9859E+01
  7499    344    308.0000    150.6556     3800.5070      494.4740   197.9850    67.1368    2.9315E+00    9.0035E-01    6.9000E-01      2653    402    314    185   1.48    3.0558E-01    2.8827E+01
  7398    342    312.0000    156.3666     3764.5300      285.8880   176.9670    66.8026    3.0194E+00    8.6448E-01    5.1000E-01      2623    386    283     93   1.46    2.6990E-01    4.4416E+01
  7311    339    315.0000    151.0659     3732.9760      352.2260   157.0990    66.5537    2.9628E+00    8.6701E-01    5.5500E-01      2576    374    284    107   1.47    2.8820E-01    5.5710E+01
  7226    336    319.0000    149.9217     3703.6870      205.9160   141.9570    66.2116    2.9603E+00    8.1792E-01    4.2000E-01      2605    397    279     56   1.51    3.0845E-01    4.9490E+01
  7136    330    322.0000    151.3361     3668.0630      273.7840   118.4510    66.2638    2.9910E+00    8.2210E-01    4.3500E-01      2573    410    281     88   1.54    2.4294E-01    4.4677E+01
  7044    327    325.0000    149.1635     3628.0440      388.7800    88.8950    65.9950    2.9739E+00    8.2164E-01    5.5500E-01      2544    401    279    120   1.56    3.1174E-01    3.3820E+01
  7000    326    329.0000    144.4944     3612.9500      206.2400    80.5690    65.8977    2.9181E+00    8.6783E-01    4.6500E-01      2519    391    290     64   1.63    2.8158E-01    4.4905E+01
  6994    325    332.0000    146.0230     3606.0360      192.4260    73.4900    65.6188    2.9383E+00    8.2381E-01    3.7500E-01      2559    389    272     48   1.70    2.3446E-01    4.9470E+01
  6993    325    336.0000    160.7066     3603.5470      294.7020    66.5290    64.9877    3.1316E+00    8.4553E-01    4.8000E-01      2589    403    291     97   1.63    2.3633E-01    4.2885E+01
  6993    325    339.0000    166.5595     3601.0350      284.7480    57.0120    62.5444    3.2065E+00    8.8072E-01    5.5500E-01      2563    365    290     99   1.57    2.7883E-01    4.6479E+01
  6992    325    343.0000    177.0136     3597.9990      306.1720    67.8230    58.3408    3.3386E+00    8.9376E-01    5.1000E-01      2572    366    294    100   1.52    3.0264E-01    3.9620E+01
  6992    325    346.0000    165.8189     3591.1790      377.9500    84.6150    58.6400    3.1943E+00    8.5935E-01    5.5500E-01      2570    377    288    132   1.55    2.5832E-01    3.2289E+01
  6990    325    349.0000    173.9487     3588.0200      204.2480   123.0510    65.4045    3.2974E+00    8.3574E-01    3.9000E-01      2573    380    270     58   1.53    2.2774E-01    5.2168E+01
  6976    324    353.0000    166.1847     3579.1910      467.4600   163.6270    65.5664    3.1997E+00    8.7424E-01    6.7500E-01      2510    358    280    170   1.53    3.0098E-01    2.1125E+01
  6932    322    356.0000    154.2215     3556.8820      308.0300   197.8630    65.5406    3.0491E+00    8.7712E-01    5.2500E-01      2458    343    272     94   1.54    2.5600E-01    5.2683E+01
  6842    320    360.0000    157.0709     3512.3730      366.6120   208.4210    65.2716    3.0971E+00    8.5764E-01    5.8500E-01      2404    364    265    119   1.50    2.6449E-01    5.3340E+01
  6732    314    363.0000    154.9371     3474.3620      217.4460   207.6380    65.0335    3.0869E+00    8.6708E-01    4.8000E-01      2351    337    251     68   1.47    2.4890E-01    4.0991E+01
  6621    310    367.0000    148.7968     3428.7770      388.7500   193.2310    64.8258    3.0207E+00    8.0745E-01    6.3000E-01      2341    372    247    144   1.46    3.3279E-01    4.4614E+01
  6553    309    370.0000    143.5700     3394.7630      273.1780   185.2270    64.5300    2.9575E+00    8.8517E-01    5.4000E-01      2276    335    265     89   1.45    2.8816E-01    4.4573E+01
  6484    308    373.0000    146.0060     3364.7810      257.9840   172.1050    64.3777    3.0004E+00    8.4969E-01    4.6500E-01      2288    349    242     77   1.41    2.4297E-01    5.2135E+01
  6452    306    377.0000    139.6271     3344.3820      511.7220   166.4880    64.1894    2.9148E+00    8.2583E-01    7.3500E-01      2235    340    231    179   1.45    3.0022E-01    3.0406E+01
  6417    304    380.0000    146.4303     3330.8220      377.1500   157.7360    63.9662    3.0142E+00    8.6625E-01    6.4500E-01      2266    342    237    131   1.44    2.8104E-01    3.5219E+01
  6379    303    384.0000    147.4406     3311.3750      417.9520   145.8920    64.0691    3.0326E+00    8.5409E-01    6.4500E-01      2242    340    235    133   1.42    3.3273E-01    2.8583E+01
  6350    302    387.0000    152.2094     3293.5310      154.9140   138.2940    63.8444    3.1003E+00    8.9601E-01    3.3000E-01      2227    310    245     35   1.40    2.3430E-01    5.3891E+01
  6315    300    391.0000    151.9692     3277.1420      253.7820   125.9540    63.8126    3.1019E+00    8.2034E-01    5.2500E-01      2217    330    233     89   1.39    2.6548E-01    4.2926E+01
  6274    298    394.0000    149.0689     3258.8640      527.5860   112.4410    63.5084    3.0682E+00    8.7923E-01    7.8000E-01      2218    309    233    189   1.39    3.4914E-01    2.9108E+01
  6246    298    397.0000    153.8985     3246.6180      410.1620   102.8830    63.6670    3.1383E+00    8.4086E-01    6.6000E-01      2212    333    233    143   1.40    3.1839E-01    5.5147E+01
  6198    296    401.0000    148.7121     3224.2370      306.6160    90.4070    63.3407    3.0741E+00    8.7722E-01    5.4000E-01      2186    312    229     87   1.39    2.4561E-01    5.2874E+01
  6153    295    404.0000    153.7073     3206.9720      232.5320    87.1400    63.1778    3.1502E+00    7.7329E-01    4.0500E-01      2198    347    218     62   1.39    2.1057E-01    3.2644E+01
  6103    293    408.0000    150.1582     3186.5810      142.0840    82.2010    63.2821    3.1097E+00    8.0035E-01    3.6000E-01      2186    345    234     36   1.37    2.6931E-01    4.6719E+01
  6044    288    411.0000    142.4943     3164.4590       71.4860    79.2150    62.8047    3.0129E+00    7.9997E-01    1.6500E-01      2144    362    246     11   1.38    2.5378E-01    4.6859E+01
  6008    288    415.0000    154.1068     3151.3360      331.7460    76.1810    63.0127    3.1811E+00    8.9774E-01    5.7000E-01      2173    322    255    105   1.36    2.9490E-01    4.3274E+01
  5966    285    418.0000    143.7212     3131.1870      234.0220    70.2830    62.7450    3.0424E+00    8.8821E-01    4.2000E-01      2129    328    254     67   1.38    2.5247E-01    5.3290E+01
  5928    284    422.0000    150.1622     3110.6430      176.6800    62.0790    62.7271    3.1374E+00    8.4868E-01    3.3000E-01      2119    336    228     40   1.37    2.4105E-01    5.5523E+01
  5892    284    425.0000    139.9028     3099.6930       72.6180    60.7120    62.6926    2.9999E+00    8.5558E-01    2.2500E-01      2076    328    243     11   1.42    2.7239E-01    4.8523E+01
  5829    281    428.0000    144.1542     3079.4020      281.4720    59.2140    62.5441    3.0728E+00    8.4172E-01    5.4000E-01      2108    351    239     91   1.55    3.1449E-01    4.5395E+01
  5794    279    432.0000    137.9070     3062.8980      349.1860    62.5480    61.9658    2.9885E+00    7.9052E-01    5.7000E-01      2103    368    238    121   1.69    3.0210E-01    2.5999E+01
  5794    279    435.0000    120.7095     3062.7920      172.5220    36.6890    50.5419    2.7345E+00    8.0301E-01    4.3500E-01      2100    386    242     54   1.84    3.1927E-01    4.7554E+01
  5794    279    439.0000    167.8053     3060.8190      144.4500    18.5130    42.7704    3.4054E+00    9.0844E-01    3.6000E-01      2137    288    235     37   1.63    2.8011E-01    4.7511E+01
  5794    279    442.0000    207.5951     3060.7610       97.6080    15.9020    56.9756    3.9244E+00    8.5295E-01    2.5500E-01      2117    303    220     22   1.46    2.4053E-01    4.5851E+01
  5792    278    446.0000    204.6680     3057.0320      202.5640    25.4930    54.6097    3.8866E+00    8.3814E-01    4.0500E-01      2079    310    227     56   1.39    2.3429E-01    5.3181E+01
  5788    277    449.0000    190.7866     3052.7570      488.1380    76.4440    62.3587    3.7086E+00    1.0077E+00    8.8500E-01      2076    253    256    201   1.37    3.9347E-01    2.7438E+01
  5771    277    452.0000    186.3737     3043.3440      237.1580   165.1080    62.2338    3.6536E+00    9.4662E-01    5.8500E-01      2070    255    230     84   1.35    2.3265E-01    3.2340E+01
  5746    275    456.0000    173.3459     3013.4760      308.6440   244.6560    62.1239    3.4787E+00    9.0248E-01    6.6000E-01      2023    271    232    117   1.35    3.6277E-01    3.0579E+01
  5673    272    459.0000    162.3413     2984.2700      337.4740   315.1460    61.7290    3.3438E+00    9.0399E-01    6.7500E-01      1916    271    212    120   1.34    3.2472E-01    3.0478E+01
  5566    267    463.0000    151.1024     2940.8620      448.7440   375.1760    61.5675    3.2073E+00    9.0105E-01    8.2500E-01      1885    262    208    176   1.33    3.6142E-01    3.3808E+01
  5401    262    466.0000    139.2888     2875.6240      362.2060   384.2210    61.1995    3.0683E+00    8.1956E-01    6.7500E-01      1800    303    203    140   1.32    3.0752E-01    3.4571E+01
  5223    257    470.0000    135.7481     2808.4530      108.8360   357.9980    60.7269    3.0512E+00    7.9709E-01    4.2000E-01      1707    291    192     38   1.29    3.0085E-01    2.8324E+01
  5021    247    473.0000    130.4327     2734.0360      265.7120   309.2920    60.0985    3.0125E+00    8.9012E-01    6.1500E-01      1640    243    194     97   1.24    2.9403E-01    2.9507E+01
  4856    241    476.0000    124.9352     2663.8840      383.8820   260.1480    59.6823    2.9587E+00    8.3980E-01    7.5000E-01      1597    259    184    146   1.24    3.2551E-01    2.8572E+01
  4715    238    480.0000    119.7623     2599.9000      324.5840   220.1630    59.0251    2.9023E+00    7.9988E-01    6.6000E-01      1580    271    187    124   1.24    3.3157E-01    2.8858E+01
  4587    236    483.0000    123.8265     2544.1390      202.8660   174.8820    58.6486    2.9935E+00    8.1057E-01    4.8000E-01      1553    262    184     74   1.22    2.6471E-01    2.9451E+01
  4471    229    487.0000    119.2998     2492.2720      231.8920   131.1490    58.2324    2.9433E+00    8.6851E-01    5.4000E-01      1518    264    203     78   1.20    3.0720E-01    3.3914E+01
  4393    229    490.0000    118.0783     2461.2130      270.4720   111.1570    57.9192    2.9407E+00    8.4023E-01    6.3000E-01      1529    271    195    116   1.22    3.0281E-01    2.6135E+01
  4314    222    494.0000    118.8667     2427.5890      221.9100    88.9090    57.8236    2.9713E+00    8.0064E-01    5.4000E-01      1508    261    182     76   1.22    2.9020E-01    3.5218E+01
  4257    220    497.0000    117.5997     2407.2760      257.8340    82.2800    57.5116    2.9645E+00    7.9677E-01    5.4000E-01      1470    268    178     89   1.25    3.0567E-01    2.8456E+01
  4190    217    500.0000    113.7902     2376.4460      228.4960    73.2360    57.3596    2.9143E+00    7.7635E-01    5.2500E-01      1510    281    172     83   1.41    2.9182E-01    2.4902E+01
  4137    215    504.0000    102.5164     2354.2290      259.2400    74.0060    56.7737    2.7299E+00    7.5737E-01    5.7000E-01      1439    316    173     91   1.69    2.5582E-01    3.1760E+01
  4137    215    507.0000     92.6566     2352.2460      187.3260    49.6590    49.6214    2.5513E+00    7.7330E-01    4.9500E-01      1492    318    192     73   1.90    2.7050E-01    2.8192E+01
  4137    215    511.0000    139.1790     2346.5980      243.2540    29.0210    53.7225    3.3435E+00    8.2339E-01    5.5500E-01      1522    264    190     89   1.60    3.3362E-01    3.4183E+01
  4134    215    514.0000    181.0102     2344.7760      161.5620    22.9010    56.7009    3.9844E+00    8.4845E-01    4.6500E-01      1492    246    183     53   1.41    2.8450E-01    3.5840E+01
  4126    215    518.0000    178.3597     2337.2170      301.0460    33.6270    53.6751    3.9455E+00    8.7767E-01    7.0500E-01      1443    230    182    115   1.32    3.3791E-01    2.9254E+01
  4115    215    521.0000    152.3969     2331.2770      292.1560    90.9690    55.9138    3.5552E+00    8.4262E-01    6.6000E-01      1452    239    178    113   1.31    3.7972E-01    2.3513E+01
  4105    215    524.0000    133.5974     2325.3940      200.9540   181.8230    56.2237    3.2583E+00    8.0041E-01    5.2500E-01      1385    245    167     73   1.30    3.2638E-01    3.2465E+01
  4076    213    528.0000    125.4978     2312.8360      191.5340   267.6310    56.5682    3.1323E+00    7.2853E-01    4.6500E-01      1359    253    151     60   1.30    2.9056E-01    3.3521E+01
  4008    211    531.0000    117.6146     2282.2560      185.6620   320.7900    56.6018    3.0156E+00    7.6792E-01    4.6500E-01      1294    222    149     61   1.28    2.9855E-01    3.9111E+01
  3865    207    535.0000    103.3639     2223.3530      312.7360   344.0130    56.1605    2.8008E+00    7.7677E-01    6.9000E-01      1187    254    148    115   1.25    3.7506E-01    3.3158E+01
  3717    199    538.0000     99.7437     2164.5710      184.0580   351.1750    55.6606    2.7723E+00    7.7857E-01    5.7000E-01      1165    217    138     71   1.21    3.2286E-01    3.3573E+01
  3539    192    542.0000     91.8491     2094.5220      127.1240   302.7700    55.0878    2.6697E+00    6.5004E-01    3.7500E-01      1085    248    121     38   1.18    2.8224E-01    4.0122E+01
  3408    189    545.0000     83.8844     2031.8550      260.6100   270.0690    54.5535    2.5422E+00    6.2976E-01    5.4000E-01      1002    264    120     86   1.17    2.9487E-01    3.0134E+01
  3273    187    548.0000     81.6340     1980.1680       93.2100   238.8880    54.0037    2.5333E+00    6.8797E-01    3.3000E-01      1021    254    127     30   1.15    2.2393E-01    3.0637E+01
  3141    184    552.0000     79.6599     1924.6670      161.5580   196.8960    53.5068    2.5278E+00    6.4349E-01    4.5000E-01       979    252    118     47   1.11    2.3115E-01    3.3402E+01
  3019    179    555.0000     75.4183     1866.7630      170.8420   148.4240    52.9761    2.4679E+00    6.5150E-01    4.3500E-01       963    253    117     49   1.11    3.0292E-01    3.3130E+01
  2945    177    559.0000     78.2094     1827.9100      189.9140   119.0010    52.5364    2.5467E+00    6.5613E-01    4.8000E-01       960    230    117     62   1.09    3.1554E-01    3.2815E+01
  2898    177    562.0000     77.5936     1811.3780      239.4560   108.7140    52.4286    2.5490E+00    5.8636E-01    4.9500E-01       945    257    110     77   1.10    3.1353E-01    2.7765E+01
  2850    175    566.0000     78.3414     1790.1560      169.2960    90.0790    52.1395    2.5798E+00    6.5545E-01    4.3500E-01       926    248    115     53   1.08    2.3855E-01    3.0429E+01
  2816    174    569.0000     72.5818     1775.8330      197.8140    77.8030    52.0653    2.4621E+00    6.1371E-01    4.3500E-01       924    274    109     61   1.12    2.5329E-01    3.1122E+01
  2804    172    572.0000     70.9274     1768.5330      228.4780    70.5830    51.9311    2.4271E+00    6.2187E-01    5.1000E-01       929    238    115     72   1.17    2.6463E-01    3.6389E+01
  2796    170    576.0000     76.1160     1763.2720      203.1300    62.4930    51.9568    2.5457E+00    6.5641E-01    5.1000E-01       931    247    122     74   1.19    2.6831E-01    2.6278E+01
  2791    169    579.0000     88.3582     1761.6770      309.2780    62.6250    51.5377    2.8139E+00    6.5932E-01    6.3000E-01       939    235    116    104   1.16    3.3867E-01    3.1693E+01
  2786    169    583.0000     82.5669     1760.1320      220.3100    63.2950    51.8750    2.6915E+00    6.5324E-01    5.1000E-01       929    244    117     73   1.19    3.1185E-01    3.2916E+01
  2778    169    586.0000     78.2389     1756.7920      200.2380    60.4000    51.5736    2.5992E+00    6.1113E-01    4.0500E-01       921    240    118     55   1.22    2.5338E-01    3.4452E+01
  2770    168    590.0000     86.1017     1747.5760      239.6180    67.5970    51.6929    2.7703E+00    6.7512E-01    5.5500E-01       942    238    124     85   1.24    3.0301E-01    3.2273E+01
  2760    167    593.0000     82.8625     1744.5030      176.4740    72.8410    51.7284    2.7044E+00    6.1175E-01    4.5000E-01       923    252    120     64   1.28    2.7314E-01    3.0080E+01
  2738    167    596.0000     82.9874     1731.5840      141.4800    78.8730    51.5584    2.7127E+00    6.6229E-01    4.2000E-01       912    241    116     46   1.31    2.9095E-01    3.5905E+01
  2701    167    600.0000     79.9846     1719.0580       88.7460    86.8860    51.4372    2.6611E+00    5.8782E-01    3.0000E-01       915    250    110     25   1.32    2.7266E-01    3.5752E+01
  2661    164    603.0000     85.5463     1699.7220       88.6040    86.9090    51.0977    2.7963E+00    6.1695E-01    2.8500E-01       907    225    109     24   1.31    2.5757E-01    3.6598E+01
  2625    163    607.0000     75.8468     1682.0540      159.8420    90.6570    50.8004    2.5919E+00    6.0607E-01    3.6000E-01       862    243    107     46   1.20    2.4516E-01    3.2429E+01
  2622    162    610.0000     76.7906     1679.9700      140.9200    80.9840    49.1705    2.6139E+00    5.9249E-01    3.9000E-01       899    247    107     42   1.24    2.7666E-01    4.0415E+01
  2621    162    614.0000     82.4661     1676.2760      135.2160    74.9930    50.8802    2.7398E+00    5.9452E-01    3.4500E-01       908    245    111     41   1.23    2.5302E-01    3.3471E+01
  2616    160    617.0000     83.4564     1670.9290       98.9260    67.2850    50.9176    2.7618E+00    5.7926E-01    2.8500E-01       877    222    105     28   1.20    2.5041E-01    3.6069E+01
  2611    160    621.0000     86.6489     1665.8720      101.2640    70.2770    50.8601    2.8320E+00    6.4407E-01    2.8500E-01       886    236    113     29   1.17    2.5074E-01    3.6144E+01
  2605    160    624.0000     88.1882     1663.1920      111.4600    87.1550    49.0884    2.8676E+00    6.0681E-01    3.1500E-01       893    233    101     31   1.15    2.4538E-01    3.8955E+01
  2599    160    627.0000     89.0907     1661.4410      121.0860    99.3890    50.6775    2.8900E+00    5.8218E-01    3.4500E-01       891    227    101     34   1.13    2.7110E-01    3.3731E+01
  2583    159    631.0000     84.1954     1651.9260      123.5440   106.6680    50.5884    2.7876E+00    5.5633E-01    2.7000E-01       857    228     95     30   1.13    2.1729E-01    4.4212E+01
  2568    158    634.0000     84.3433     1646.7110       54.7720   123.0380    50.6478    2.7972E+00    5.4644E-01    1.5000E-01       846    228     94     15   1.14    1.6907E-01    3.9436E+01
  2539    156    638.0000     78.6538     1634.3520      111.1540   129.0370    50.6290    2.6805E+00    5.6938E-01    3.4500E-01       820    227     93     32   1.15    2.5895E-01    4.0720E+01
  2489    157    641.0000     79.5099     1611.1670      186.3580   138.5750    50.1964    2.7178E+00    5.8202E-01    4.3500E-01       820    213     91     55   1.12    2.8316E-01    3.5497E+01
  2418    154    645.0000     72.1649     1576.1320       93.2360   129.4800    50.0595    2.5712E+00    5.6269E-01    2.7000E-01       785    206     84     26   1.09    2.3601E-01    3.7017E+01
  2354    151    648.0000     72.3628     1547.9310      191.9680   119.8120    49.7433    2.5998E+00    6.0359E-01    4.5000E-01       766    201     95     59   1.08    2.8927E-01    3.8657E+01
  2296    150    651.0000     73.8011     1524.2450      134.0880   112.3080    49.3825    2.6581E+00    5.5848E-01    3.1500E-01       750    195     90     35   1.04    2.5339E-01    3.7628E+01
  2246    143    655.0000     69.0278     1498.7160      112.1220   100.5130    49.1783    2.5598E+00    5.6328E-01    3.3000E-01       725    232     92     29   1.04    2.6657E-01    3.9997E+01
  2202    139    658.0000     70.4888     1474.2060      113.8360    82.2390    48.7955    2.6108E+00    5.3461E-01    3.0000E-01       732    230     85     33   1.02    2.2893E-01    3.2629E+01
  2173    137    662.0000     69.0230     1456.7990      125.6460    72.3020    48.4301    2.5837E+00    5.3113E-01    3.7500E-01       720    217     85     34   1.00    2.9437E-01    3.7190E+01
  2144    135    665.0000     73.0522     1443.6110      173.9300    59.9080    48.3446    2.6957E+00    6.1089E-01    4.8000E-01       734    224     89     50   1.00    3.1421E-01    3.8057E+01
  2111    133    669.0000     69.0046     1427.1550      163.8480    47.6380    48.0997    2.6081E+00    5.3574E-01    3.7500E-01       694    238     84     48   1.03    2.6946E-01    3.6082E+01
  2082    132    672.0000     68.4668     1418.2960      116.7940    43.8770    48.2812    2.6096E+00    5.1643E-01    2.8500E-01       697    205     83     32   1.06    2.4233E-01    3.7333E+01
  2054    129    675.0000     66.7426     1403.9840      128.0960    44.4810    48.1769    2.5767E+00    4.5829E-01    2.8500E-01       688    247     83     37   1.21    2.1224E-01    3.8197E+01
  2028    127    679.0000     66.1953     1391.1010       94.7740    42.6590    47.4463    2.5732E+00    5.1733E-01    2.4000E-01       679    209     85     28   1.29    2.0621E-01    3.6339E+01
  2027    125    682.0000     54.2423     1386.9090       33.8380    31.7450    41.0456    2.2517E+00    4.7174E-01    1.0500E-01       705    238     82      8   1.42    1.7806E-01    3.8550E+01
  2026    126    686.0000     72.9052     1385.2440       78.9700    19.6500    35.6105    2.7420E+00    5.0318E-01    2.2500E-01       718    205     84     21   1.26    1.9872E-01    3.8146E+01
  2026    126    689.0000     88.1712     1385.2310       64.4400    13.7010    37.7554    3.1125E+00    5.5182E-01    2.2500E-01       695    185     78     17   1.12    2.4261E-01    3.7685E+01
  2025    126    693.0000     94.9945     1385.0540       37.6120    10.9810    45.5833    3.2718E+00    4.9128E-01    1.0500E-01       696    197     83      9   1.08    2.2142E-01    4.2207E+01
  2024    125    696.0000     92.7220     1384.7000      132.3780    20.1880    45.1258    3.2201E+00    5.3364E-01    3.1500E-01       684    192     81     38   1.03    2.6428E-01    3.8020E+01
  2020    125    699.0000     85.0214     1383.5220       97.8840    46.3490    46.1298    3.0418E+00    5.4578E-01    2.5500E-01       673    204     82     24   1.02    2.2018E-01    3.9415E+01
  2017    125    703.0000     77.5443     1382.8240       42.1380    83.8660    45.8667    2.8626E+00    5.5648E-01    1.5000E-01       672    182     83     11   1.02    2.4378E-01    4.0487E+01
  2007    125    706.0000     70.3199     1377.3930       96.3180   122.6100    47.6350    2.6860E+00    4.2816E-01    2.1000E-01       643    199     73     23   1.04    1.9498E-01    4.2407E+01
  1979    124    710.0000     65.6757     1364.7030      114.0460   143.0530    47.6470    2.5790E+00    5.0134E-01    3.1500E-01       607    186     74     29   1.02    2.7069E-01    4.3041E+01
  1946    121    713.0000     57.1887     1348.6640       41.4760   160.0530    47.4642    2.3649E+00    4.7611E-01    1.2000E-01       599    204     72      8   1.03    2.2877E-01    4.3168E+01
  1879    118    717.0000     62.7425     1323.3660       87.6120   169.3160    47.0696    2.5499E+00    4.3141E-01    2.2500E-01       583    191     64     19   0.98    2.3063E-01    4.6134E+01
  1815    116    720.0000     51.7226     1292.4040       58.2220   164.6990    46.9177    2.2682E+00    4.3872E-01    1.9500E-01       544    185     64     16   0.98    2.1866E-01    3.6350E+01
  1760    114    723.0000     57.1048     1268.6890       88.3160   154.1880    46.3810    2.4503E+00    4.5280E-01    2.4000E-01       551    171     66     26   0.96    2.0675E-01    3.4579E+01
  1702    109    727.0000     54.4200     1237.9360       74.0480   138.0200    46.2458    2.3985E+00    4.7325E-01    2.1000E-01       526    185     70     18   0.94    2.1954E-01    4.0416E+01
  1652    108    730.0000     47.3711     1216.9160       86.5660   137.1830    45.7250    2.2111E+00    4.7177E-01    2.7000E-01       516    185     67     23   0.96    2.4001E-01    4.0485E+01
  1606    107    734.0000     50.4282     1192.8330       26.6900   121.1430    45.5971    2.3267E+00    4.3371E-01    7.5000E-02       510    188     67      7   0.96    1.8975E-01    3.4761E+01
  1551    101    737.0000     49.3438     1160.4810       94.3460    93.2240    45.1723    2.3173E+00    4.3341E-01    2.4000E-01       483    175     61     23   0.92    2.1780E-01    3.9624E+01
  1508     97    741.0000     48.1366     1137.0010      112.4040    78.2370    44.6029    2.3000E+00    4.6148E-01    2.7000E-01       478    178     62     31   0.93    2.2872E-01    3.4480E+01
  1471     95    744.0000     49.0958     1119.4730       63.2660    64.1190    44.3735    2.3510E+00    4.3427E-01    1.6500E-01       487    199     63     16   0.94    2.0602E-01    3.9046E+01
  1436     95    747.0000     47.4649     1101.4200      122.5880    53.6840    44.4704    2.3174E+00    4.3574E-01    3.4500E-01       473    177     59     36   0.93    2.7971E-01    3.4642E+01
  1410     94    751.0000     49.8513     1088.8130       72.2520    46.3860    44.2105    2.4098E+00    4.6257E-01    2.4000E-01       476    197     63     21   0.94    2.3409E-01    3.4595E+01
  1391     94    754.0000     53.2384     1076.9420       36.0320    46.3890    43.3341    2.5278E+00    4.0458E-01    1.3500E-01       478    178     59     11   0.94    1.7600E-01    3.4479E+01
  1382     94    758.0000     45.2259     1070.4790       61.3620    42.6100    43.5888    2.2710E+00    4.6459E-01    2.2500E-01       460    186     66     17   0.99    2.4239E-01    3.4352E+01
  1380     94    761.0000     49.8892     1069.0660       34.8760    36.7550    43.7685    2.4255E+00    4.3650E-01    1.2000E-01       480    164     60      9   1.05    1.8340E-01    3.9121E+01
  1380     94    765.0000     52.2883     1069.0570       57.0000    38.2060    43.0016    2.5026E+00    3.9659E-01    1.6500E-01       470    172     65     16   1.07    1.8301E-01    3.8049E+01
  1380     94    768.0000     49.8639     1069.0530       44.4340    36.7920    43.2231    2.4247E+00    4.2572E-01    1.8000E-01       479    170     64     12   1.08    2.2671E-01    3.5833E+01
  1381     93    771.0000     51.2284     1069.0320       62.3160    37.9510    43.5895    2.4677E+00    4.1711E-01    1.3500E-01       475    183     63     15   1.06    1.5930E-01    3.9050E+01
  1380     93    775.0000     55.1442     1068.8450       45.1060    44.6930    43.4486    2.5928E+00    4.1373E-01    1.5000E-01       468    171     62     11   1.02    1.7788E-01    3.9846E+01
  1378     93    778.0000     59.6443     1066.4440       71.0680    51.2510    43.3685    2.7322E+00    4.2414E-01    2.4000E-01       476    153     63     21   1.00    2.1979E-01    3.3858E+01
  1376     93    782.0000     53.9936     1064.4050       76.1440    73.4550    43.8242    2.5572E+00    3.7622E-01    1.9500E-01       472    173     55     20   1.00    1.8746E-01    3.8072E+01
  1365     92    785.0000     54.3861     1055.1810       86.4100    83.2800    43.7145    2.5737E+00    3.4732E-01    2.4000E-01       449    168     59     24   1.09    2.1694E-01    3.9308E+01
  1351     89    789.0000     52.4428     1048.2680       47.0840    91.2770    43.2636    2.5211E+00    4.8774E-01    1.9500E-01       449    141     57     14   0.98    2.1122E-01    3.4909E+01
  1337     89    792.0000     52.6211     1037.6250       53.9640   105.0400    43.4595    2.5329E+00    3.9862E-01    1.3500E-01       445    166     52     14   1.00    1.7742E-01    3.8002E+01
  1299     86    795.0000     50.9501     1017.3840       45.6800   100.7380    43.2116    2.5029E+00    4.3566E-01    1.3500E-01       424    155     53     10   0.92    2.5797E-01    4.2950E+01
  1262     84    799.0000     49.6929      995.1130       53.9840    86.8530    42.8994    2.4833E+00    3.9154E-01    1.3500E-01       409    161     55     14   0.91    1.7379E-01    4.0380E+01
  1228     82    802.0000     49.1692      977.5660       55.0820    76.9530    42.7025    2.4890E+00    3.7136E-01    1.6500E-01       413    154     54     14   0.87    1.9095E-01    3.9123E+01
  1209     82    806.0000     48.5113      968.4490       63.4940    74.1890    42.4924    2.4806E+00    4.2733E-01    1.8000E-01       406    143     54     16   0.85    2.1346E-01    3.8490E+01
  1200     81    809.0000     44.1674      963.2550       21.3640    75.0670    42.3614    2.3358E+00    4.4219E-01    9.0000E-02       407    157     52      5   0.92    1.9449E-01    3.9170E+01
  1187     81    813.0000     43.6327      956.1470       52.4760    66.0000    42.1806    2.3253E+00    4.1623E-01    1.6500E-01       398    155     52     13   0.94    2.3142E-01    3.9107E+01
  1180     78    816.0000     47.6869      951.0520       49.4920    61.9180    41.8460    2.4709E+00    3.4812E-01    1.2000E-01       403    136     49     12   0.92    1.5777E-01    3.6844E+01
  1170     78    820.0000     49.8943      945.0910       40.0920    56.6630    41.8703    2.5534E+00    4.2088E-01    9.0000E-02       400    125     51      8   0.93    1.7174E-01    4.2151E+01
  1163     77    823.0000     49.4084      940.6310       56.3260    52.7190    41.9435    2.5412E+00    4.1367E-01    1.9500E-01       401    146     55     15   0.93    2.3625E-01    3.8590E+01
  1149     74    826.0000     54.7299      932.6920       35.4980    50.5630    41.9820    2.7313E+00    4.7275E-01    1.3500E-01       398    130     53      9   0.89    2.0798E-01    3.6855E+01
  1129     74    830.0000     55.7159      926.4720       56.0080    50.5040    41.8615    2.7850E+00    4.2143E-01    1.6500E-01       396    125     52     13   0.87    2.3146E-01    4.0306E+01
  1115     73    833.0000     53.2397      920.2360       64.6900    52.2040    41.8301    2.7146E+00    4.4501E-01    2.5500E-01       395    142     54     17   0.87    2.6532E-01    3.7447E+01
  1105     73    837.0000     52.6935      911.1190       23.3160    50.4000    41.0101    2.7006E+00    4.8377E-01    7.5000E-02       389    118     56      6   0.84    1.8760E-01    3.5987E+01
  1094     73    840.0000     53.2532      901.4640       60.6240    52.4370    41.4049    2.7252E+00    5.7214E-01    3.1500E-01       381    122     56     18   0.87    3.3134E-01    3.1054E+01
  1080     73    844.0000     53.7748      890.3330       43.6620    51.4600    41.3198    2.7513E+00    6.1292E-01    2.5500E-01       378    113     55     13   0.83    3.4773E-01    3.1751E+01
  1065     71    847.0000     58.7624      877.9570      103.6640    47.2990    41.1418    2.9280E+00    6.6922E-01    4.9500E-01       401     99     56     33   0.78    3.7879E-01    3.4680E+01
  1053     71    850.0000     57.9640      867.7380       74.2180    47.7630    40.8200    2.9084E+00    6.3283E-01    3.4500E-01       385    111     58     24   0.76    3.1206E-01    3.1651E+01
  1036     68    854.0000     53.1725      858.2270      129.1160    49.6560    40.5705    2.7606E+00    5.9477E-01    5.7000E-01       383    110     50     40   0.76    4.5352E-01    3.4133E+01
  1020     66    857.0000     53.0047      845.7530      144.5720    48.8700    40.1902    2.7652E+00    6.6865E-01    6.4500E-01       371     96     51     45   0.75    4.4295E-01    3.6017E+01
  1012     66    861.0000     51.4140      842.4910       82.5880    51.5060    40.2918    2.7180E+00    6.6749E-01    4.3500E-01       365    114     52     26   0.80    3.7496E-01    3.2487E+01
   995     65    864.0000     47.0575      831.7550       86.2420    47.2190    39.5143    2.5754E+00    6.9269E-01    4.8000E-01       351     91     55     28   0.87    3.9962E-01    3.1718E+01
   976     65    868.0000     47.8679      818.2770       77.0380    45.2960    40.2285    2.6186E+00    6.5871E-01    4.2000E-01       351    110     51     23   1.15    3.8262E-01    3.4795E+01
   957     64    871.0000     42.9724      810.1680      123.0960    41.3470    39.3087    2.4555E+00    6.3117E-01    5.5500E-01       340    127     51     41   1.26    4.0343E-01    3.1690E+01
   957     64    874.0000     41.9537      810.1630      111.5460    33.9000    32.7491    2.4165E+00    6.3910E-01    5.5500E-01       360    106     51     36   1.19    4.0453E-01    2.9114E+01
   957     64    878.0000     47.8452      810.1540      115.8900    22.0550    28.1317    2.6377E+00    6.5588E-01    5.4000E-01       348    104     51     36   1.14    4.1685E-01    3.4412E+01
   957     64    881.0000     61.6855      810.1470       79.1520    16.5170    38.6230    3.1246E+00    5.6384E-01    4.5000E-01       349     96     48     22   1.06    4.1044E-01    3.6703E+01
   955     64    885.0000     73.0380      809.7080       80.3800    18.5880    36.4557    3.5005E+00    7.2369E-01    4.8000E-01       361     83     50     24   0.96    4.3905E-01    3.5059E+01
   950     64    888.0000     68.5417      807.1900       94.4760    37.0580    33.3834    3.3616E+00    7.1326E-01    4.6500E-01       352     93     49     28   0.91    3.8706E-01    3.1810E+01
   950     64    892.0000     66.6299      805.7310      155.2920    66.6990    39.8426    3.2968E+00    6.2079E-01    6.3000E-01       336     94     44     46   0.91    5.0022E-01    3.1918E+01
   943     64    895.0000     48.9172      801.2410       80.8060   101.0460    39.6024    2.6890E+00    5.7580E-01    4.5000E-01       311     93     44     24   0.89    4.2534E-01    3.5086E+01
   928     62    898.0000     41.3637      790.3220       79.1180   131.8850    39.7552    2.4149E+00    5.9147E-01    4.6500E-01       308    108     43     27   0.87    3.8450E-01    2.7556E+01
   903     62    902.0000     43.1258      772.0510      143.6500   132.4730    39.3951    2.5013E+00    6.5981E-01    6.9000E-01       295     97     42     46   0.85    4.9101E-01    2.7295E+01
   866     62    905.0000     40.3459      748.1670       56.3440   134.7680    39.0708    2.4231E+00    6.1024E-01    4.2000E-01       277    101     38     17   0.81    4.3384E-01    3.1613E+01
   820     57    909.0000     37.4516      718.3860       77.5820   128.7390    38.5859    2.3444E+00    5.1386E-01    4.0500E-01       259     87     34     22   0.77    3.7175E-01    3.3390E+01
   784     53    912.0000     34.8095      693.6350      122.7220   125.1110    38.2071    2.2621E+00    5.5664E-01    5.7000E-01       247     95     32     35   0.75    4.3963E-01    4.1299E+01
   747     52    916.0000     27.4809      668.1310       82.1740   111.8480    37.6467    1.9597E+00    5.0160E-01    4.2000E-01       239     97     31     21   0.76    3.7000E-01    3.9770E+01
   712     50    919.0000     31.0780      648.1640       57.5060   102.5310    37.1846    2.1620E+00    5.2281E-01    3.9000E-01       230     99     31     17   0.73    4.0146E-01    3.4559E+01
   689     49    922.0000     27.5143      634.0680       54.7420    96.6470    36.9620    2.0148E+00    5.2615E-01    3.7500E-01       219     93     31     14   0.72    3.9341E-01    3.8690E+01
   655     44    926.0000     26.9959      609.3840       64.4800    82.9310    36.4848    2.0184E+00    6.8684E-01    5.5500E-01       209     68     33     20   0.71    5.2031E-01    3.2240E+01
   627     44    929.0000     28.8178      595.2390      108.0860    73.8700    36.1745    2.1424E+00    5.3794E-01    5.5500E-01       213     80     32     34   0.71    4.4372E-01    3.0275E+01
   600     42    933.0000     29.1858      571.1900      109.5800    57.2520    35.8353    2.1829E+00    6.2942E-01    6.4500E-01       212     71     32     34   0.69    5.2599E-01    3.0517E+01
   584     41    936.0000     29.9124      558.8510       75.1620    48.5460    35.3830    2.2355E+00    5.7634E-01    4.9500E-01       203     73     30     22   0.68    4.5779E-01    3.4378E+01
   568     42    940.0000     23.2047      549.5390       93.9240    43.0220    34.8848    1.9054E+00    5.8178E-01    5.4000E-01       196     81     32     29   0.71    4.5846E-01    3.0961E+01
   554     41    943.0000     22.7573      537.3980       94.3860    35.3180    34.7696    1.8924E+00    7.4160E-01    6.9000E-01       197     69     35     32   0.79    5.7311E-01    3.0342E+01
   545     41    946.0000     26.0135      531.7760       93.9140    32.3780    34.7938    2.0800E+00    5.6360E-01    5.5500E-01       191     78     29     27   0.74    4.6933E-01    3.4885E+01
   536     39    950.0000     27.5161      525.6910       87.8240    29.6930    34.4126    2.1706E+00    5.4324E-01    5.1000E-01       195     69     29     25   0.81    4.5808E-01    3.5641E+01
   534     39    953.0000     22.0865      525.1660      103.8800    29.9530    34.4754    1.8780E+00    6.1234E-01    6.3000E-01       190     80     31     32   0.95    4.6686E-01    3.4574E+01
   533     37    957.0000     22.7063      521.5290       30.4280    28.7980    34.4236    1.9104E+00    5.1184E-01    2.4000E-01       193     72     32      8   0.95    4.1382E-01    3.0467E+01
   532     37    960.0000     27.7465      521.3960       83.2620    27.1780    34.0740    2.1857E+00    5.2925E-01    5.1000E-01       199     82     29     25   0.92    4.2816E-01    3.1535E+01
   531     37    964.0000     34.2303      520.5740       76.2100    29.7800    33.1657    2.5153E+00    5.1391E-01    4.0500E-01       201     72     29     20   0.87    3.6190E-01    3.8105E+01
   531     37    967.0000     32.5655      519.6890       45.1220    33.4440    34.2116    2.4317E+00    5.5408E-01    3.6000E-01       188     78     29     12   0.87    4.7426E-01    3.7244E+01
   528     37    970.0000     30.8049      515.7320       42.9500    39.4150    33.2372    2.3445E+00    5.0408E-01    3.7500E-01       188     74     28     12   0.85    4.3104E-01    3.5230E+01
   522     37    974.0000     29.6380      512.7350       44.8140    48.3270    33.9191    2.2947E+00    5.4273E-01    2.8500E-01       186     77     31     14   0.85    3.8716E-01    3.1663E+01
   514     36    977.0000     30.4445      506.8600       59.8020    62.8940    33.7917    2.3467E+00    4.3164E-01    3.6000E-01       186     72     26     17   0.83    3.8922E-01    3.4359E+01
   504     32    981.0000     25.6867      498.0060       38.1000    67.7050    34.0584    2.1053E+00    3.4144E-01    2.1000E-01       178     71     25     10   0.83    2.8425E-01    3.5971E+01
   489     32    984.0000     24.4345      487.2350       27.8140    64.6410    33.7583    2.0549E+00    3.2805E-01    2.2500E-01       167     75     24      9   0.80    2.8660E-01    3.6225E+01
   467     31    988.0000     18.7748      472.6700       40.4060    56.8880    32.9741    1.7494E+00    3.6033E-01    2.1000E-01       161     78     24     10   0.74    3.2999E-01    3.5130E+01
   455     30    991.0000     23.6180      463.8400       34.9160    53.8480    33.0212    2.0545E+00    4.1140E-01    1.8000E-01       165     67     22      8   0.69    3.8113E-01    3.8748E+01
   446     28    994.0000     22.7418      453.8590       24.0500    55.6260    32.8961    2.0104E+00    3.7525E-01    1.5000E-01       161     63     22      7   0.70    2.9016E-01    3.7293E+01
   443     27    998.0000     28.3035      450.9700       23.7660    54.1360    32.9023    2.3296E+00    6.2386E-01    3.1500E-01       166     64     26      8   0.77    4.8884E-01    2.8878E+01
   437     27   1001.0000     24.1342      447.3890       22.1320    56.2250    32.9021    2.1046E+00    5.7880E-01    2.4000E-01       159     53     23      6   0.74    5.4412E-01    3.4113E+01
   434     27   1005.0000     22.9255      444.8900       21.1040    56.6590    32.7544    2.0374E+00    4.2182E-01    1.2000E-01       152     70     23      6   0.73    4.0330E-01    3.3969E+01
   421     27   1008.0000     22.0201      436.1140       29.3900    54.6070    32.6512    2.0028E+00    5.0415E-01    2.4000E-01       152     64     25      8   0.67    3.8620E-01    3.1529E+01
   410     27   1012.0000     25.1705      427.5930       41.7740    49.6050    32.2670    2.2062E+00    4.8226E-01    3.1500E-01       148     61     24     13   0.64    4.3165E-01    3.3208E+01
   399     26   1015.0000     22.7149      418.9260       75.8200    42.6040    32.1311    2.0763E+00    6.2202E-01    6.6000E-01       145     64     27     27   0.64    5.8242E-01    2.7956E+01
   390     25   1019.0000     22.5567      412.0580       66.5700    37.6390    31.4866    2.0805E+00    5.4272E-01    5.2500E-01       147     73     26     23   0.66    4.7767E-01    2.9339E+01
   380     25   1022.0000     26.1925      401.1390       68.8240    31.4620    30.3173    2.3099E+00    6.2065E-01    6.0000E-01       143     55     24     22   0.62    5.3615E-01    3.1547E+01
   373     25   1025.0000     21.9510      394.5340       62.4820    30.7560    31.2563    2.0623E+00    5.8292E-01    5.1000E-01       140     65     25     20   0.61    5.0770E-01    3.1241E+01
   368     25   1029.0000     20.3232      390.2880       82.0100    31.5120    31.1629    1.9660E+00    4.7637E-01    5.1000E-01       137     71     24     27   0.63    4.2922E-01    2.9509E+01
   357     24   1032.0000     22.3029      380.7720       49.2800    31.3140    30.8819    2.1084E+00    4.6309E-01    4.2000E-01       137     66     25     18   0.61    4.4015E-01    2.7417E+01
   349     23   1036.0000     23.1217      375.3330       63.6040    30.3540    30.9999    2.1754E+00    5.4953E-01    5.4000E-01       137     67     23     21   0.60    5.3181E-01    3.0255E+01
   343     23   1039.0000     22.2756      367.7010       57.5760    30.6660    29.6624    2.1271E+00    5.0287E-01    4.9500E-01       137     59     23     19   0.59    4.9609E-01    3.0067E+01
   337     23   1043.0000     22.3052      364.3320       63.6240    32.9020    30.2695    2.1424E+00    5.2851E-01    5.1000E-01       136     58     20     19   0.62    5.2851E-01    3.3505E+01
   327     23   1046.0000     22.3100      358.6430       42.2120    28.1510    30.2956    2.1658E+00    3.8359E-01    3.0000E-01       129     67     20     12   0.72    3.8359E-01    3.3618E+01
   319     22   1049.0000     21.1447      349.5790       34.4260    23.3290    30.1742    2.0993E+00    5.0765E-01    2.7000E-01       121     53     23     10   0.88    4.4374E-01    3.0217E+01
   305     21   1053.0000     18.9490      338.1590       42.7820    16.2610    29.9751    1.9762E+00    4.1153E-01    2.8500E-01       122     68     20     13   0.86    4.1153E-01    3.2680E+01
   304     21   1056.0000     20.0336      338.0140       42.7800    12.2400    27.5596    2.0542E+00    3.9522E-01    3.0000E-01       123     60     22     14   0.91    3.5881E-01    3.0510E+01
   304     21   1060.0000     24.6100      338.0070       38.2340    11.4390    26.1567    2.3562E+00    4.7019E-01    3.3000E-01       124     53     22     13   0.82    4.3595E-01    3.0087E+01
   304     21   1063.0000     29.3119      337.9990       27.3180    11.0400    25.6484    2.6474E+00    3.5267E-01    2.1000E-01       125     57     22      9   0.77    3.4235E-01    3.0158E+01
   304     21   1067.0000     32.7955      337.9920       33.5180    11.2550    29.1594    2.8532E+00    3.6688E-01    2.1000E-01       120     51     22     10   0.74    3.1177E-01    2.9952E+01
   302     20   1070.0000     32.8155      336.7310       23.1120    14.8660    27.2167    2.8608E+00    3.8440E-01    1.5000E-01       117     52     20      6   0.69    3.8440E-01    3.3251E+01
   300     20   1073.0000     27.1120      333.9940       28.3600    21.3350    29.7934    2.5208E+00    3.6401E-01    2.4000E-01       119     56     19      8   0.67    4.3019E-01    3.3379E+01
   297     20   1077.0000     22.8235      331.2180       39.7760    40.3220    27.7344    2.2531E+00    4.3847E-01    3.1500E-01       118     55     18     11   0.66    4.7637E-01    3.2460E+01
   296     20   1080.0000     21.2864      330.2090       48.9860    54.0880    29.4419    2.1524E+00    4.6089E-01    4.0500E-01       114     51     18     15   0.65    5.0541E-01    3.1463E+01
   288     20   1084.0000     17.5795      323.9180       43.8760    66.5990    28.2482    1.9099E+00    4.0053E-01    3.4500E-01       104     55     15     12   0.66    5.0971E-01    3.5464E+01
   282     20   1087.0000     13.8694      318.9210       21.9480    80.1840    28.5604    1.6403E+00    3.5484E-01    2.1000E-01       100     44     15      6   0.65    4.4066E-01    3.2959E+01
   266     18   1091.0000     13.6344      303.9510       30.8340    79.0270    28.8560    1.6457E+00    3.5417E-01    2.1000E-01        95     52     13      8   0.63    5.0466E-01    3.3103E+01
   256     17   1094.0000     14.5171      291.9370       32.1420    74.2100    28.5878    1.7273E+00    3.7832E-01    2.8500E-01        93     43     13      9   0.61    5.0879E-01    3.5225E+01
   234     15   1097.0000      9.4846      269.1750       30.5800    54.4780    27.8523    1.3265E+00    2.9074E-01    2.4000E-01        84     54     14      9   0.59    4.1633E-01    3.2733E+01
   219     15   1101.0000      9.4617      257.4610       50.0920    47.5270    27.2461    1.3505E+00    3.4309E-01    3.9000E-01        77     51     12     15   0.55    4.2780E-01    3.0678E+01
   209     13   1104.0000     10.9402      249.5600       22.9340    41.2260    26.4510    1.5084E+00    3.2498E-01    2.8500E-01        77     52     13      7   0.54    3.8255E-01    3.3781E+01
   195     11   1108.0000     12.3562      233.8640       48.9420    27.2980    25.6806    1.6590E+00    3.0779E-01    3.1500E-01        76     46     12     14   0.51    3.7346E-01    3.3258E+01
   188     11   1111.0000     10.5582      227.2790       42.1160    22.1420    26.0710    1.5078E+00    3.4300E-01    3.4500E-01        76     55     11     11   0.51    4.0506E-01    3.3672E+01
   185     11   1115.0000     11.1311      223.1120       39.2300    18.4850    25.7555    1.5651E+00    3.5668E-01    3.1500E-01        72     51     12     10   0.49    4.8659E-01    3.3959E+01
   181     11   1118.0000     12.6278      219.8420       21.8600    15.2210    25.9798    1.7131E+00    2.7533E-01    1.3500E-01        75     48     11      5   0.50    4.2508E-01    3.2734E+01
   178     10   1121.0000     10.7629      216.6760       25.6240    12.0610    25.2024    1.5457E+00    2.8365E-01    2.4000E-01        73     52     12      7   0.52    3.9816E-01    3.3541E+01
   177     10   1125.0000     10.5491      215.5810       29.2560     9.9940    25.3282    1.5270E+00    2.2063E-01    1.9500E-01        72     53     13      9   0.57    3.5987E-01    3.4190E+01
   173     10   1128.0000     11.7365      212.7990       24.5360     8.8910    25.5552    1.6515E+00    2.1823E-01    1.5000E-01        70     48     11      6   0.60    4.7593E-01    3.4640E+01
   170     10   1132.0000     10.7687      211.4570       34.8880    10.5760    22.5495    1.5701E+00    3.5380E-01    3.3000E-01        67     47     10      9   1.48    5.9578E-01    3.7306E+01
   169     10   1135.0000     12.8761      210.9000       31.1560    10.1560    23.7530    1.7725E+00    4.6322E-01    4.2000E-01        70     39     13      9   0.75    5.8538E-01    3.4280E+01
   169     10   1139.0000     14.3118      210.8920       34.0500    12.4650    25.3440    1.9019E+00    4.1681E-01    3.3000E-01        72     36     11      8   0.69    5.9555E-01    3.5272E+01
   168      8   1142.0000     15.0805      210.0230       36.9940    14.2590    21.3736    1.9727E+00    2.9431E-01    2.4000E-01        71     36     11      9   0.65    5.5162E-01    3.5170E+01
   168      8   1145.0000     17.2761      208.7300       23.5740    14.5430    21.6638    2.1553E+00    2.4482E-01    1.3500E-01        72     38     13      7   0.63    3.9404E-01    3.2047E+01
   168      8   1149.0000     18.3716      207.4460       11.5280    16.3110    24.1193    2.2409E+00    3.1347E-01    1.3500E-01        71     25     11      3   0.57    5.6947E-01    3.2691E+01
   166      7   1152.0000     19.7108      202.5000       22.7660    12.1250    24.6017    2.3439E+00    2.2439E-01    1.8000E-01        71     28     12      6   0.56    5.3206E-01    3.3939E+01
   163      6   1156.0000     22.5737      196.1990       14.2760    14.5600    24.7458    2.5624E+00    3.0868E-01    1.8000E-01        70     32     11      4   0.55    5.1644E-01    3.0818E+01
   164      7   1159.0000     21.6969      200.6890       26.8600    22.1190    23.7298    2.5067E+00    5.1545E-01    4.9500E-01        68     18     11      8   0.58    1.0737E+00    3.2157E+01
   161      7   1163.0000     24.3063      199.3740       45.3040    29.7520    24.5328    2.7233E+00    9.3438E-01    1.0650E+00        68     13     11     15   0.55    1.3363E+00    3.0347E+01
   158      7   1166.0000     27.2228      194.1120       36.1640    34.3950    23.9127    2.9388E+00    7.0197E-01    7.3500E-01        65     16     10     11   0.46    1.1131E+00    3.0744E+01
   155      7   1169.0000     30.5412      189.9540       19.9620    36.0010    23.6538    3.1809E+00    5.0928E-01    3.9000E-01        65     24     11      7   0.45    8.1077E-01    2.9039E+01
   148      6   1173.0000     29.1786      183.7580       20.9660    41.8790    24.2130    3.1236E+00    6.1760E-01    4.5000E-01        62     18     10      7   0.39    1.0629E+00    2.8632E+01
   144      6   1176.0000     35.5847      178.4030       23.8480    42.2160    24.1845    3.5795E+00    6.3059E-01    4.6500E-01        62     15     10      8   0.35    1.1133E+00    2.6986E+01
   141      6   1180.0000     39.1281      174.8920       34.9100    37.9480    23.8416    3.8284E+00    7.9185E-01    8.2500E-01        61     20      9     11   0.32    9.6423E-01    2.9570E+01
   140      6   1183.0000     32.9780      173.1470       29.3460    37.9140    23.3791    3.4167E+00    5.6215E-01    6.0000E-01        58     19     10     10   0.36    1.0149E+00    2.9030E+01
   139      6   1187.0000     30.9118      172.5450       15.4140    36.4580    22.1251    3.2804E+00    5.1778E-01    3.9000E-01        55     18     10      5   0.38    1.1955E+00    2.9455E+01
   139      6   1190.0000     26.4283      172.5390       31.9960    34.0660    23.6774    2.9549E+00    7.6026E-01    8.1000E-01        55     14      9     11   0.40    1.3124E+00    3.0000E+01
   137      6   1193.0000     19.2205      169.0370       36.3760    29.2930    23.7944    2.3907E+00    7.7482E-01    8.4000E-01        54     20     10     13   0.44    9.9256E-01    2.6771E+01
   136      6   1197.0000     19.7092      167.0930       36.4920    31.9100    22.8665    2.4306E+00    4.5975E-01    5.1000E-01        54     25      9     11   0.45    9.1217E-01    2.9961E+01
   130      6   1200.0000     18.5742      159.9540       17.3540    25.6520    23.0504    2.3550E+00    6.0651E-01    4.0500E-01        52     23     10      6   0.45    7.7495E-01    2.8117E+01
   128      6   1204.0000     22.4432      157.0170       15.3740    26.3170    23.1348    2.6758E+00    3.8680E-01    2.8500E-01        52     15      9      5   0.43    1.2621E+00    3.0901E+01
   125      6   1207.0000     23.0453      153.9230       27.6000    24.7900    21.8827    2.7375E+00    5.6806E-01    5.8500E-01        51     13      9      9   0.40    1.3364E+00    3.0692E+01
   124      6   1211.0000     25.6388      153.0830       23.8460    25.1000    22.0894    2.9455E+00    4.2783E-01    3.3000E-01        50     16      7      6   0.42    1.3201E+00    2.9974E+01
   119      6   1214.0000     28.1771      146.8150       24.0920    18.9560    22.7931    3.1571E+00    6.0431E-01    5.1000E-01        48     18      7      6   0.39    1.1654E+00    2.9413E+01
   116      6   1218.0000     26.1494      144.3570       21.9800    17.2330    22.3538    3.0248E+00    4.8741E-01    3.3000E-01        47     14      7      5   0.38    1.2362E+00    3.2373E+01
   114      6   1221.0000     24.1268      141.1670        7.8220    17.4570    22.1341    2.8699E+00    4.3165E-01    3.0000E-01        47     14      7      3   0.36    1.2509E+00    3.1855E+01
   112      6   1224.0000     23.7901      137.0970       22.4800    19.2330    21.9122    2.8402E+00    4.6603E-01    4.6500E-01        46     19      8      7   0.35    1.0468E+00    2.8804E+01
   110      6   1228.0000     21.8349      133.8390       23.2960    20.0820    20.5366    2.6846E+00    4.5147E-01    4.6500E-01        44     17      7      7   0.35    1.1414E+00    2.9819E+01
   108      6   1231.0000     23.9648      130.9780       19.2600    19.7730    20.8683    2.8616E+00    8.5514E-01    5.4000E-01        44     13      8      6   0.35    1.2155E+00    2.9212E+01
   105      6   1235.0000     21.2431      128.4940       23.3260    29.5790    20.9737    2.6602E+00    4.2396E-01    5.1000E-01        41     11      6      6   0.37    1.2966E+00    3.0910E+01
   104      6   1238.0000     18.0154      127.5880       19.3840    33.1560    21.0225    2.3889E+00    5.7744E-01    6.0000E-01        40     16      6      6   0.49    1.1897E+00    3.0922E+01
   102      5   1242.0000     19.6840      122.6540       12.3500    33.4460    21.3136    2.5249E+00    3.3832E-01    3.0000E-01        37     14      5      3   0.72    1.4569E+00    2.8428E+01
