1 1000000.0
10000 1 100 5432 300 1
0.02 0.02 0.10 2.0 10.0 9999.9 1.0E-01 1.5 0.6
2 0 4 0 1 0 1 5 0 0
0 3 0 3 2 1 0 1 3 7
1 0 1 0 0 2 2 1 0 2
1 0 2 2 1 0 0 2 0 3
0 0 0 0 0 0 0 0 0 0
2.0E-05 0.001 0.2 1.0 1.0E-06 0.001
2.3 50.0 0.1 500 0 0.006 0.0 10.0
0.5 0.0 0.0 73 0.125
-0.0D0 -0.0D0 0.0 0.0 -0.0D0 8.3 0.0 0.0 0.0 0.0 0.0 0.0
0.45 -2.28 -0.29 -74.94 31.58 53.33
0.0 1.0 1.0 1.0
6.5 -2.0 -15.0 -100.0 0 0 2

Normal NB6 line #9
2.0E-06 0.0001 0.2 1.0 1.0E-06 0.001

Old binpop line
30.0 -1.0 -15.0 -100.0 0 0 0
SEMI0, ECC0, RATIO, RANGE, NSKIP, IDORM, ICIRC
