 10027    473      0.0000     38.1705     6275.7010      730.8160     0.0000     9.4807    1.1706E+00    4.7824E-01    3.6000E-01      4793   3917    946    476   2.90    1.1995E-01    5.7380E+00
 10008    487      3.0000     38.5293     6263.2560     1644.2300     0.0000    14.5088    1.1784E+00    4.7216E-01    5.1000E-01      4523   3628    736    900   3.01    1.2985E-01    1.1095E+01
 10012    483      6.0000     52.2823     6088.6500     1216.2000    31.3960    97.4449    1.4305E+00    5.2351E-01    5.2500E-01      4500   2556    620    627   3.07    1.7049E-01    1.8282E+01
 10000    486     10.0000     60.1358     5840.3860     1480.2920    46.4180   134.0630    1.5498E+00    6.0568E-01    6.9000E-01      4498   2166    705    959   3.01    1.8063E-01    1.3172E+01
  9995    483     13.0000     63.9519     5676.1850     1378.7480    13.9200   109.5066    1.5999E+00    6.5687E-01    7.2000E-01      4453   1973    743    903   2.67    1.9949E-01    1.4228E+01
  9996    479     17.0000     64.5651     5622.9510     1393.9040     8.1460   126.3887    1.6050E+00    6.2876E-01    6.9000E-01      4311   1928    668    833   2.63    1.8778E-01    7.6900E+00
  9990    480     20.0000     68.3336     5580.2020     1091.3440     3.3160   123.2314    1.6632E+00    6.5047E-01    6.4500E-01      4230   1721    652    640   2.41    1.6427E-01    2.7642E+01
  9987    481     24.0000     71.4405     5528.0500     1033.4940    12.0380   119.9152    1.7082E+00    6.4594E-01    6.3000E-01      4273   1650    605    571   2.65    1.7596E-01    1.4433E+01
  9982    479     27.0000     74.4281     5490.7670     1153.9820     8.0450   128.3492    1.7520E+00    6.5686E-01    6.7500E-01      4346   1649    616    664   2.46    1.7158E-01    2.9081E+01
  9979    478     31.0000     79.1609     5451.8120     1114.3980    13.9030   128.7558    1.8215E+00    6.7012E-01    6.7500E-01      4230   1476    587    597   2.40    1.8251E-01    1.9057E+01
  9972    476     34.0000     80.1673     5396.1540     1390.2820    12.0320   128.3731    1.8314E+00    6.8572E-01    7.8000E-01      4204   1444    600    825   2.52    2.1415E-01    1.8029E+01
  9962    476     38.0000     59.5312     5329.9480     1302.0200    12.8700   109.6656    1.4965E+00    5.9538E-01    6.4500E-01      4281   1994    593    735   4.49    1.5839E-01    2.3449E+01
  9952    476     41.0000    122.6781     5291.5560      571.2880    11.9770   125.8014    2.4190E+00    7.8835E-01    5.8500E-01      4192    974    567    286   3.37    2.2339E-01    2.4141E+01
  9913    471     45.0000     98.3750     5250.1890     1113.5540    17.5910   128.0127    2.0873E+00    7.4865E-01    7.6500E-01      4118   1139    600    634   2.86    2.0523E-01    3.2449E+01
  9877    469     48.0000    105.1585     5213.2580      937.0240    58.6770   128.7008    2.1817E+00    7.4130E-01    7.0500E-01      4047   1028    521    462   2.66    2.2683E-01    2.3766E+01
  9842    470     51.0000    106.7576     5149.3780     1122.0260   158.1480   129.2022    2.1993E+00    7.9169E-01    8.4000E-01      3838    959    545    633   2.82    2.5082E-01    2.1011E+01
  9771    470     55.0000    103.6174     5111.1080      898.6560   251.9410   128.6551    2.1597E+00    7.7675E-01    7.5000E-01      3736    930    515    478   2.57    2.3352E-01    2.4636E+01
  9627    461     58.0000    102.4529     5034.8540     1079.8420   284.4540   128.3365    2.1514E+00    7.7204E-01    8.1000E-01      3679    918    487    557   2.47    2.5909E-01    2.3010E+01
  9439    458     62.0000     98.6955     4940.1390      731.3780   264.7820   127.2657    2.1095E+00    6.7738E-01    5.7000E-01      3507    920    413    286   2.37    2.0509E-01    4.3226E+01
  9241    449     65.0000     98.0995     4827.4800      814.2620   236.1590   126.5626    2.1110E+00    7.1909E-01    6.7500E-01      3470    920    431    372   2.24    1.9130E-01    4.0090E+01
  9082    441     69.0000     94.7846     4754.9450      816.7440   225.0270   125.8424    2.0737E+00    6.9205E-01    6.6000E-01      3411    971    430    382   2.17    2.3007E-01    2.4972E+01
  8956    435     72.0000     97.6517     4672.2440      729.1700   203.6100   124.9194    2.1202E+00    6.9606E-01    6.3000E-01      3386    885    406    322   2.08    2.1773E-01    3.7237E+01
  8856    429     76.0000     99.1630     4601.5580      772.2280   186.9180   124.2276    2.1453E+00    6.9453E-01    6.4500E-01      3391    879    402    342   2.04    2.4701E-01    1.8553E+01
  8753    424     79.0000    100.2681     4541.1750      940.3920   164.7630   123.7906    2.1665E+00    7.1620E-01    7.3500E-01      3390    851    408    432   2.01    2.5117E-01    3.7144E+01
  8658    415     83.0000     98.9716     4482.0670      802.3560   125.2330   123.2520    2.1521E+00    7.0813E-01    6.6000E-01      3288    882    414    359   2.02    2.0226E-01    2.5462E+01
  8583    413     86.0000     95.8012     4433.2040      788.6280   114.1990   122.4610    2.1089E+00    6.3797E-01    6.1500E-01      3198    856    332    309   1.98    2.0445E-01    3.0460E+01
  8520    406     90.0000     97.6881     4398.4120      531.5160    93.5590   122.5443    2.1401E+00    6.8690E-01    5.4000E-01      3238    869    392    220   1.94    2.2933E-01    2.3048E+01
  8469    405     93.0000    104.2126     4355.2500      817.1100    74.8390   122.0799    2.2348E+00    6.6544E-01    6.6000E-01      3314    838    346    338   1.88    2.3086E-01    4.1138E+01
  8453    404     96.0000    102.4520     4339.0900      808.4600    70.4090   121.8475    2.2093E+00    6.6067E-01    6.3000E-01      3265    835    366    334   1.98    2.3502E-01    4.4939E+01
  8442    403    100.0000    101.9782     4313.3690      620.6660    66.4950   121.3335    2.1998E+00    7.1770E-01    5.8500E-01      3178    823    396    245   1.95    1.9785E-01    5.1320E+01
  8422    401    103.0000    106.2868     4296.5040      829.8420    57.1560   120.7132    2.2615E+00    6.9986E-01    6.9000E-01      3233    784    340    331   1.89    2.3038E-01    4.6978E+01
  8406    400    107.0000    111.1970     4269.0390      658.8080    55.4980   121.3681    2.3282E+00    7.1323E-01    6.1500E-01      3272    784    369    263   1.90    2.3758E-01    3.8462E+01
  8372    397    110.0000    111.7469     4242.5020      510.8340    55.3320   121.1306    2.3366E+00    6.5821E-01    4.9500E-01      3239    777    336    169   2.14    2.0384E-01    3.4974E+01
  8301    390    114.0000     81.5257     4197.1960      480.1740    25.3470   120.7180    1.8963E+00    5.7606E-01    4.3500E-01      3182   1047    331    162   3.73    1.7770E-01    4.6854E+01
  8272    390    117.0000    153.4786     4176.1430      349.1160    18.1350   120.0180    2.8922E+00    7.8701E-01    4.6500E-01      3163    559    354    124   2.64    2.3337E-01    3.0291E+01
  8238    389    121.0000    149.3198     4157.3520      436.4740    25.4690   120.0059    2.8423E+00    7.1706E-01    4.5000E-01      3065    606    303    119   2.08    2.0933E-01    3.7260E+01
  8208    388    124.0000    143.7061     4119.4470      626.6220    37.2960   119.7617    2.7680E+00    6.8901E-01    5.8500E-01      3158    639    305    217   1.93    2.6669E-01    3.0742E+01
  8191    389    128.0000    148.5997     4105.4980      380.4720    55.3150   119.0048    2.8307E+00    7.6219E-01    4.6500E-01      3016    563    326    122   1.85    2.2031E-01    4.4367E+01
  8161    385    131.0000    146.7469     4075.3580      530.8920    82.4610   119.3823    2.8063E+00    7.0694E-01    5.4000E-01      2953    591    300    171   1.82    2.4212E-01    4.6734E+01
  8134    384    135.0000    139.0539     4065.2310      524.9700   157.1340   118.9644    2.7103E+00    7.1379E-01    5.7000E-01      2821    597    303    187   1.79    2.3227E-01    4.7817E+01
  8108    384    138.0000    135.5195     4050.5700      484.0340   231.2170   118.7626    2.6660E+00    6.8931E-01    5.2500E-01      2729    592    284    168   1.79    2.4614E-01    3.6144E+01
  8067    383    142.0000    130.2288     4034.3080      458.8380   290.2200   119.0635    2.6003E+00    6.3824E-01    4.8000E-01      2557    587    265    148   1.80    2.1704E-01    3.7309E+01
  7986    377    145.0000    130.6189     3987.0450      450.5140   335.0810   118.5312    2.6107E+00    7.2235E-01    5.5500E-01      2582    548    286    164   1.78    2.4218E-01    4.8179E+01
  7881    373    148.0000    129.4102     3941.6470      260.9000   355.1680   118.2608    2.6047E+00    6.9668E-01    3.6000E-01      2493    532    262     65   1.74    2.0192E-01    4.7168E+01
  7765    359    152.0000    128.8687     3880.1960      531.9580   356.5700   117.5329    2.6063E+00    6.8365E-01    5.7000E-01      2479    563    259    166   1.72    2.5740E-01    4.6695E+01
  7618    348    155.0000    122.8188     3816.5850      232.8600   348.7690   117.0730    2.5384E+00    6.6313E-01    3.0000E-01      2401    577    259     54   1.69    2.1432E-01    4.0940E+01
  7495    342    159.0000    122.2985     3765.2000      507.2020   333.9830   116.4570    2.5439E+00    6.0748E-01    5.4000E-01      2377    549    218    156   1.64    2.4889E-01    4.8671E+01
  7347    336    162.0000    119.8234     3699.3740      436.0000   306.0550   115.8170    2.5239E+00    6.2496E-01    4.8000E-01      2325    557    217    126   1.60    2.4413E-01    3.5766E+01
  7246    334    166.0000    120.6712     3647.3480      130.5540   292.2920   115.2207    2.5443E+00    6.4018E-01    2.2500E-01      2342    568    245     32   1.58    1.8002E-01    4.5737E+01
  7145    331    169.0000    116.3288     3600.6960      252.8900   281.8840   114.7359    2.4926E+00    6.1902E-01    3.7500E-01      2332    599    241     74   1.61    2.1906E-01    4.8731E+01
  7053    329    173.0000    120.9933     3566.7590      193.8500   268.7710   114.3636    2.5700E+00    7.1256E-01    3.3000E-01      2301    530    252     47   1.55    2.2867E-01    5.0747E+01
  6946    324    176.0000    116.8966     3519.3000      434.0020   233.2900   113.9149    2.5229E+00    6.7563E-01    5.2500E-01      2328    547    242    142   1.55    2.1801E-01    3.5168E+01
  6868    319    180.0000    115.6052     3491.1470      160.1560   215.1150   113.5330    2.5141E+00    6.4650E-01    2.8500E-01      2286    555    241     31   1.54    2.2904E-01    5.9452E+01
  6796    315    183.0000    119.5585     3450.6560      163.8800   192.1370   112.8136    2.5768E+00    6.2947E-01    2.5500E-01      2311    548    239     41   1.52    1.7189E-01    5.4499E+01
  6730    312    187.0000    126.0144     3422.7520      510.3220   173.3690   112.5791    2.6767E+00    7.1613E-01    6.0000E-01      2311    486    268    191   1.50    2.5289E-01    2.9106E+01
  6677    311    190.0000    122.5727     3390.1720      403.1780   159.0340   112.2182    2.6315E+00    7.1713E-01    5.4000E-01      2335    507    254    140   1.51    2.4021E-01    3.8173E+01
  6630    307    193.0000    126.4531     3364.7440      381.8280   154.5510   112.1604    2.6911E+00    7.5132E-01    5.2500E-01      2323    479    263    129   1.46    2.3341E-01    3.3566E+01
  6581    306    197.0000    124.7334     3341.0780      392.8800   141.7160   111.8686    2.6718E+00    7.2768E-01    5.2500E-01      2275    520    255    139   1.46    2.4487E-01    3.4793E+01
  6532    305    200.0000    128.0781     3309.1770      453.3700   118.3240   111.5120    2.7225E+00    6.9460E-01    5.8500E-01      2305    480    222    148   1.46    2.7544E-01    4.1258E+01
  6480    299    204.0000    129.7012     3270.2030      404.8020    91.3680   110.8045    2.7474E+00    7.3605E-01    5.4000E-01      2331    474    256    142   1.49    2.5771E-01    3.4882E+01
  6448    297    207.0000    130.3313     3256.1730      395.2160    87.3810   110.6615    2.7603E+00    7.0912E-01    5.5500E-01      2294    449    236    142   1.46    2.4019E-01    2.4354E+01
  6421    296    211.0000    131.1629     3239.8580      427.0740    76.4780   110.7198    2.7742E+00    6.6382E-01    5.4000E-01      2309    483    231    154   1.46    2.6166E-01    3.3379E+01
  6396    295    214.0000    129.9444     3228.8540      330.0160    71.2930   110.1542    2.7601E+00    7.0903E-01    4.6500E-01      2281    461    230     90   1.44    2.4040E-01    3.9400E+01
  6377    294    218.0000    131.0803     3213.0050      384.0400    64.5630   110.2808    2.7764E+00    6.8247E-01    5.1000E-01      2302    467    222    121   1.45    2.2918E-01    3.4943E+01
  6354    293    221.0000    133.2521     3197.7130      396.3680    54.7530   109.9906    2.8084E+00    6.9894E-01    4.8000E-01      2328    451    225    110   1.44    2.3455E-01    4.2077E+01
  6331    292    225.0000    131.9174     3186.1410      176.8580    47.5030   109.7287    2.7921E+00    7.6042E-01    3.1500E-01      2294    424    241     50   1.41    2.1392E-01    3.9996E+01
  6316    291    228.0000    137.3286     3175.7690      178.5880    44.1700   109.5395    2.8688E+00    7.2619E-01    3.4500E-01      2305    434    243     49   1.41    2.3233E-01    4.4981E+01
  6303    291    232.0000    136.9392     3168.6900      423.9680    40.2010   109.2568    2.8647E+00    7.2084E-01    5.7000E-01      2290    458    240    141   1.44    2.5387E-01    3.3241E+01
  6291    290    235.0000    138.3542     3164.1540      307.3340    43.7280   108.2962    2.8862E+00    7.5553E-01    4.6500E-01      2303    419    248     99   1.44    2.4599E-01    3.8423E+01
  6275    290    239.0000    132.4693     3157.9960      233.0080    38.7480   109.2423    2.8061E+00    7.2000E-01    3.9000E-01      2258    414    227     67   1.43    2.3457E-01    3.8574E+01
  6259    290    242.0000    137.1268     3149.7100      262.0720    37.6510   107.5954    2.8733E+00    7.9967E-01    4.8000E-01      2268    406    245     81   1.41    2.7364E-01    4.0242E+01
  6248    290    245.0000    140.5531     3138.3640      259.8940    34.2890   109.5159    2.9204E+00    7.5099E-01    4.5000E-01      2287    431    242     89   1.43    2.6459E-01    3.0163E+01
  6234    289    249.0000    141.1907     3129.4690      251.7480    32.9300   108.2022    2.9303E+00    7.1172E-01    4.2000E-01      2251    401    226     73   1.43    2.2341E-01    3.6398E+01
  6218    289    252.0000    137.7475     3122.6290      290.9840    35.6760   107.7597    2.8846E+00    6.8681E-01    4.0500E-01      2227    410    214     85   1.51    2.2303E-01    2.9946E+01
  6189    288    256.0000    142.1271     3109.2590      291.6400    35.8290   108.7077    2.9493E+00    7.1812E-01    3.9000E-01      2223    411    227     79   1.81    2.0075E-01    3.2570E+01
  6149    285    259.0000     99.0209     3093.3260      354.0840    37.5880   109.0762    2.3226E+00    5.7380E-01    3.7500E-01      2241    582    213    102   3.16    1.9972E-01    4.2887E+01
  6116    283    263.0000    175.6081     3080.5070      174.4560    51.5470   107.1314    3.4089E+00    6.3560E-01    3.1500E-01      2215    390    194     48   2.56    1.8833E-01    3.8708E+01
  6080    282    266.0000    288.6709     3060.6780      213.5220    79.4550   107.4511    4.7541E+00    7.1862E-01    3.1500E-01      2140    347    204     55   2.26    1.9531E-01    4.3584E+01
  6021    280    270.0000    277.0783     3028.0920      186.4260   110.3600   108.1577    4.6357E+00    7.1712E-01    2.7000E-01      2021    333    197     48   2.06    1.9751E-01    3.7196E+01
  5920    277    273.0000    202.8060     2983.3350      157.0620   134.0880   107.4836    3.7834E+00    6.6903E-01    2.7000E-01      1954    346    183     43   1.89    1.8162E-01    4.2661E+01
  5825    276    277.0000    188.6562     2946.9670      129.1680   153.6680   106.3128    3.6245E+00    6.0918E-01    1.9500E-01      1888    348    184     26   1.73    1.6571E-01    5.2340E+01
  5752    272    280.0000    188.0137     2916.6490      222.7840   177.6920   106.5315    3.6303E+00    6.3790E-01    3.7500E-01      1848    345    177     62   1.63    2.2058E-01    4.0098E+01
  5654    269    284.0000    178.0312     2881.9900      139.8360   195.1280   106.5470    3.5216E+00    6.3846E-01    2.2500E-01      1733    346    171     30   1.59    1.8237E-01    4.9904E+01
  5555    268    287.0000    164.2481     2842.1640      265.4000   226.1610   105.7099    3.3562E+00    6.7806E-01    3.9000E-01      1632    319    173     64   1.53    2.5280E-01    3.9416E+01
  5458    264    290.0000    162.6300     2802.0110       40.7200   248.8050   105.5061    3.3524E+00    7.0064E-01    1.2000E-01      1618    309    160      8   1.45    1.6239E-01    4.6093E+01
  5373    262    294.0000    159.6421     2778.4460      119.9960   284.4580   105.2412    3.3321E+00    6.7659E-01    2.4000E-01      1557    310    162     26   1.38    2.1529E-01    5.0244E+01
  5279    253    297.0000    145.7642     2733.7600      161.1600   300.4760   104.5911    3.1513E+00    5.8496E-01    2.1000E-01      1517    323    153     35   1.36    1.7437E-01    4.6179E+01
  5178    252    301.0000    144.0204     2703.0300      117.0840   316.0140   104.0470    3.1494E+00    5.7977E-01    1.8000E-01      1479    309    144     28   1.35    1.5504E-01    4.3732E+01
  5090    247    304.0000    140.1435     2664.2010       75.3360   317.1120   103.6125    3.1085E+00    5.7697E-01    1.0500E-01      1455    304    139     13   1.30    1.6627E-01    4.7009E+01
  5004    240    308.0000    139.6390     2631.5690       87.8700   319.7990   103.3060    3.1189E+00    5.7137E-01    1.8000E-01      1436    308    143     18   1.27    1.8311E-01    4.8111E+01
  4884    236    311.0000    136.2990     2588.3430      173.9140   309.2400   102.8104    3.0953E+00    5.7864E-01    3.1500E-01      1418    297    129     43   1.29    2.3424E-01    5.2622E+01
  4781    229    315.0000    136.0847     2539.5150      100.8100   286.3260   102.2203    3.1106E+00    6.9971E-01    2.2500E-01      1407    294    150     21   1.23    2.2302E-01    4.7900E+01
  4692    223    318.0000    137.2598     2496.6320      228.0460   262.9240   101.5769    3.1447E+00    6.0484E-01    3.7500E-01      1392    292    140     61   1.20    2.3885E-01    3.9677E+01
  4605    222    322.0000    132.4624     2457.6120      262.1020   246.4200   101.0092    3.0882E+00    7.0689E-01    4.6500E-01      1363    288    154     75   1.16    2.7952E-01    3.5182E+01
  4528    218    325.0000    137.1787     2422.5020      178.3940   229.4770   100.5218    3.1767E+00    6.4174E-01    3.7500E-01      1421    293    145     50   1.15    2.6125E-01    4.2858E+01
  4447    214    329.0000    145.1989     2388.3940       90.9620   212.2880    99.9591    3.3182E+00    7.5108E-01    2.1000E-01      1412    260    158     23   1.13    1.8474E-01    4.2689E+01
  4391    214    332.0000    135.0953     2366.0890      148.4260   200.9430    99.6295    3.1757E+00    6.2018E-01    2.8500E-01      1359    271    132     37   1.09    1.9683E-01    4.1654E+01
  4334    212    335.0000    133.3273     2340.3680      111.4860   186.7950    98.9016    3.1603E+00    6.5862E-01    2.4000E-01      1367    268    147     23   1.10    2.1261E-01    4.8447E+01
  4295    212    339.0000    138.5586     2324.5980      111.8400   182.5580    99.1551    3.2520E+00    7.1287E-01    3.1500E-01      1383    247    154     32   1.07    2.5856E-01    3.8913E+01
  4235    207    342.0000    134.3134     2301.6630      200.8780   169.8050    98.7560    3.2006E+00    7.0872E-01    3.7500E-01      1350    269    150     55   1.07    2.5125E-01    4.5051E+01
  4191    206    346.0000    137.5832     2281.2700       54.2860   160.9210    98.4127    3.2623E+00    8.1138E-01    1.8000E-01      1352    232    155     12   1.04    2.2666E-01    4.6075E+01
  4160    205    349.0000    139.4648     2270.0760       90.8640   153.0620    98.1935    3.3007E+00    7.6871E-01    3.1500E-01      1390    249    150     26   1.04    2.7928E-01    3.3500E+01
  4127    205    353.0000    136.2742     2254.1000       87.2060   143.4380    98.0203    3.2575E+00    7.1818E-01    3.0000E-01      1385    242    138     22   1.04    2.7978E-01    4.0542E+01
  4096    203    356.0000    133.4652     2240.7330      185.1840   136.2290    97.9277    3.2202E+00    6.8872E-01    4.3500E-01      1359    273    157     60   1.05    3.0681E-01    3.4806E+01
  4067    199    360.0000    137.3793     2228.2970      204.6140   129.8910    97.6336    3.2902E+00    7.3382E-01    4.3500E-01      1360    221    143     55   1.03    2.7774E-01    3.8224E+01
  4039    198    363.0000    146.7015     2211.5680      136.8960   117.9190    97.5152    3.4425E+00    7.4846E-01    3.4500E-01      1365    256    155     41   1.06    2.5921E-01    4.1184E+01
  4020    196    367.0000    140.4261     2203.3460      172.1380   114.8690    96.8288    3.3485E+00    8.0908E-01    4.6500E-01      1375    210    148     54   1.03    2.5846E-01    3.2530E+01
  4007    197    370.0000    140.5926     2198.4130      319.3680   111.2840    97.3209    3.3549E+00    7.2352E-01    6.1500E-01      1360    258    135    101   1.04    3.2957E-01    3.7901E+01
  3994    195    374.0000    145.4934     2191.9100      162.1680   105.0710    96.9718    3.4355E+00    7.7568E-01    4.3500E-01      1351    219    133     47   1.02    2.9948E-01    4.2871E+01
  3982    194    377.0000    138.1385     2186.3140      155.6680   110.9010    96.8810    3.3216E+00    7.6733E-01    4.5000E-01      1349    262    154     50   1.03    3.0955E-01    3.9356E+01
  3970    194    381.0000    136.7157     2180.7020      233.2760   104.7950    96.9672    3.3017E+00    7.8118E-01    5.4000E-01      1338    224    156     80   1.03    3.0392E-01    3.1311E+01
  3962    193    384.0000    148.1229     2174.2390      163.2520   101.9770    96.8331    3.4835E+00    7.6718E-01    4.0500E-01      1375    209    146     50   1.02    2.7201E-01    3.6159E+01
  3953    193    387.0000    145.5413     2165.4150      271.6580    98.4750    96.3302    3.4427E+00    7.4383E-01    5.4000E-01      1379    251    156     93   1.03    2.7485E-01    2.9360E+01
  3945    193    391.0000    144.9808     2159.3860      186.4480    93.7330    96.5862    3.4347E+00    8.0852E-01    5.2500E-01      1336    216    159     64   1.00    3.4389E-01    2.9831E+01
  3935    192    394.0000    147.1922     2149.2690      295.7820    88.6440    95.8850    3.4692E+00    8.1071E-01    6.4500E-01      1334    231    151    104   1.01    3.4990E-01    3.2022E+01
  3925    191    398.0000    149.3384     2146.4910      163.0880    86.0910    95.4966    3.5065E+00    7.7571E-01    4.2000E-01      1381    233    158     52   1.01    2.6912E-01    3.2082E+01
  3918    191    401.0000    149.5015     2142.7420      202.5680    86.6100    96.3292    3.5106E+00    7.5505E-01    4.9500E-01      1365    241    151     68   1.02    2.8580E-01    2.9915E+01
  3905    190    405.0000    146.0118     2137.9690      177.5300    83.8070    96.0243    3.4598E+00    8.0230E-01    4.9500E-01      1344    226    161     62   1.19    3.1377E-01    3.8569E+01
  3895    188    408.0000    137.6222     2134.9570      213.1720    78.6930    96.0674    3.3293E+00    7.5219E-01    5.2500E-01      1312    244    150     74   1.20    3.1230E-01    2.9129E+01
  3884    188    412.0000    152.0954     2128.8400      192.5560    56.1140    96.1872    3.5612E+00    7.9476E-01    4.6500E-01      1337    228    155     60   1.18    3.0411E-01    3.3594E+01
  3877    188    415.0000    161.6664     2124.1060      177.5180    43.8890    96.2356    3.7102E+00    7.9750E-01    5.2500E-01      1403    239    149     61   1.17    3.1237E-01    3.3056E+01
  3866    188    419.0000    155.9675     2116.2970      215.1220    44.0840    95.3782    3.6239E+00    8.8992E-01    6.0000E-01      1398    208    167     75   1.16    3.3376E-01    3.5478E+01
  3853    187    422.0000    158.3462     2112.2880      212.7520    43.2510    95.9353    3.6655E+00    7.8256E-01    4.6500E-01      1374    237    157     65   1.16    2.8050E-01    3.5672E+01
  3844    187    426.0000    159.1319     2108.1100      245.5680    41.1410    95.3400    3.6801E+00    8.9005E-01    6.6000E-01      1357    210    166     84   1.13    3.6798E-01    3.2055E+01
  3830    187    429.0000    166.4340     2100.4280      238.3640    40.2840    95.7806    3.7952E+00    9.1648E-01    6.6000E-01      1378    192    161     87   1.11    3.5273E-01    3.2285E+01
  3818    186    432.0000    158.6687     2096.4330      174.2980    40.3280    95.6527    3.6805E+00    9.1124E-01    5.2500E-01      1331    196    164     52   1.09    3.1995E-01    4.1027E+01
  3811    185    436.0000    164.0474     2094.0590      249.3000    43.0760    95.3956    3.7658E+00    9.1691E-01    7.0500E-01      1347    177    152     90   1.06    3.4803E-01    3.2623E+01
  3795    184    439.0000    168.1849     2087.3530      180.5840    47.6660    95.2186    3.8341E+00    8.5393E-01    4.3500E-01      1369    192    138     48   1.03    3.1225E-01    3.6482E+01
  3778    183    443.0000    165.4958     2077.7530      146.1620    45.0270    94.9785    3.7970E+00    8.1711E-01    4.5000E-01      1326    205    140     45   1.02    3.0899E-01    3.1204E+01
  3766    183    446.0000    152.4998     2074.3580      208.6780    47.6530    94.5722    3.6002E+00    8.3352E-01    5.7000E-01      1310    192    144     65   1.01    3.5210E-01    3.6772E+01
  3758    182    450.0000    159.6856     2072.5660      222.1240    55.6220    93.9428    3.7159E+00    7.8445E-01    5.2500E-01      1347    217    144     72   1.01    3.2687E-01    2.8666E+01
  3747    179    453.0000    154.5077     2064.2490      157.9860    56.2810    94.9072    3.6364E+00    7.9548E-01    4.5000E-01      1289    194    138     47   0.99    2.9988E-01    3.6665E+01
  3740    178    457.0000    151.2104     2058.5670       92.5980    52.8920    94.6049    3.5850E+00    8.3058E-01    3.4500E-01      1266    205    145     30   0.99    2.8122E-01    3.4902E+01
  3734    178    460.0000    161.4742     2053.6650      184.1360    52.4830    94.8126    3.7460E+00    8.3079E-01    5.4000E-01      1303    199    148     57   0.97    3.1875E-01    3.2002E+01
  3727    178    464.0000    167.0952     2045.2290      111.4280    53.2590    94.3605    3.8313E+00    7.4933E-01    3.7500E-01      1307    216    141     29   0.97    3.3123E-01    4.0351E+01
  3716    177    467.0000    161.7594     2038.3040      158.1520    50.4410    94.4663    3.7514E+00    7.9817E-01    4.2000E-01      1291    204    142     42   0.96    3.0562E-01    3.4770E+01
  3712    177    471.0000    158.7446     2036.8470       74.2200    50.2580    94.7571    3.7061E+00    7.9690E-01    1.9500E-01      1250    203    143     14   0.96    2.4454E-01    4.4310E+01
  3699    176    474.0000    153.9929     2029.1800      186.0040    49.3520    94.1478    3.6345E+00    7.4554E-01    4.3500E-01      1265    225    135     50   0.99    2.8740E-01    3.7438E+01
  3693    176    478.0000    152.9234     2025.9570       50.8280    48.1050    93.9376    3.6191E+00    8.4140E-01    2.1000E-01      1259    198    142     13   0.98    2.6643E-01    3.4763E+01
  3689    177    481.0000    160.1526     2025.2320      134.3900    51.5150    94.6306    3.7342E+00    8.2355E-01    4.3500E-01      1252    211    144     37   0.97    2.9685E-01    4.1345E+01
  3685    176    484.0000    157.7125     2019.1760      232.4580    54.5530    92.8759    3.6948E+00    8.2070E-01    5.8500E-01      1246    210    145     77   0.96    3.4128E-01    3.5453E+01
  3680    176    488.0000    167.7805     2015.0480      184.5140    56.1390    94.2915    3.8508E+00    8.1868E-01    4.9500E-01      1270    186    132     52   0.95    3.2143E-01    3.9754E+01
  3675    176    491.0000    166.5816     2010.5180      110.9720    60.6710    92.8491    3.8325E+00    8.6602E-01    4.0500E-01      1244    194    148     29   0.93    3.5104E-01    4.2784E+01
  3668    174    495.0000    164.4785     2008.2200      171.5520    58.5730    94.4077    3.8029E+00    9.1811E-01    6.0000E-01      1242    177    152     54   0.94    3.4056E-01    3.8205E+01
  3664    174    498.0000    165.7117     2006.0600      164.6640    56.6270    92.7092    3.8229E+00    8.2051E-01    4.6500E-01      1242    194    138     51   0.93    3.1274E-01    3.7120E+01
  3659    174    502.0000    161.4474     2001.5560      138.4420    54.6660    94.2429    3.7572E+00    9.0591E-01    4.3500E-01      1213    185    149     41   0.93    3.1611E-01    4.1372E+01
  3658    174    505.0000    168.1335     2001.0700      154.9880    57.0640    93.5252    3.8605E+00    8.0816E-01    4.3500E-01      1260    206    153     49   0.97    2.7684E-01    3.5443E+01
  3650    174    509.0000    171.1113     1998.1040       77.3360    60.5510    94.1089    3.9090E+00    9.3951E-01    3.7500E-01      1251    158    141     22   0.95    3.5442E-01    3.4792E+01
  3641    174    512.0000    162.9859     1992.4500      152.1820    62.6840    93.6871    3.7860E+00    7.9799E-01    4.6500E-01      1222    205    136     53   1.02    3.1655E-01    2.9860E+01
  3632    173    516.0000    158.6183     1988.1430      102.1820    62.5000    92.5285    3.7207E+00    8.0993E-01    3.4500E-01      1189    183    132     29   1.10    3.0251E-01    3.5419E+01
  3612    173    519.0000    176.2470     1980.7220      155.9260    64.1760    93.3426    3.9992E+00    8.8488E-01    4.5000E-01      1259    177    141     42   1.45    3.3219E-01    4.1163E+01
  3572    172    523.0000    147.5284     1964.9380      123.4860    71.6130    93.3363    3.5653E+00    7.6192E-01    4.0500E-01      1236    224    142     37   3.23    2.9552E-01    3.2088E+01
  3513    165    526.0000    146.5249     1936.3930      214.2420    72.0640    92.6144    3.5658E+00    8.7197E-01    6.0000E-01      1150    172    138     71   3.71    3.9318E-01    3.7602E+01
  3399    159    529.0000    299.2178     1880.0560      135.6760   104.1130    92.4902    5.7921E+00    9.7212E-01    6.6000E-01      1061    131    125     51   3.03    3.9990E-01    2.7145E+01
  3279    153    533.0000    379.2552     1826.8760      102.2900   146.3100    91.6218    6.8592E+00    8.8771E-01    4.5000E-01       957    142    114     31   2.55    3.6346E-01    3.5101E+01
  3165    149    536.0000    375.2620     1779.2470      145.3440   193.8350    90.7625    6.8896E+00    8.2653E-01    5.7000E-01       852    152    110     51   2.14    3.9512E-01    2.6486E+01
  3039    146    540.0000    284.3363     1728.2910      143.4240   230.4040    89.9215    5.8045E+00    9.3962E-01    6.3000E-01       767    130    113     48   1.85    4.5524E-01    3.5461E+01
  2920    138    543.0000    187.2889     1676.3950      110.4240   242.3120    88.9937    4.4505E+00    7.5312E-01    4.6500E-01       719    168    103     33   1.66    3.5082E-01    2.7154E+01
  2786    131    547.0000    150.7940     1615.5680      110.3540   249.5950    87.8160    3.9081E+00    6.9568E-01    3.7500E-01       674    143     90     32   1.45    3.1561E-01    3.7711E+01
  2698    129    550.0000    127.9480     1580.6420       87.3720   267.9010    87.0677    3.5416E+00    7.2768E-01    3.6000E-01       659    152     88     24   1.33    3.1416E-01    3.9105E+01
  2583    127    554.0000    118.1936     1534.2090       98.0440   258.3830    86.4003    3.4098E+00    6.5227E-01    3.7500E-01       613    159     87     27   1.21    3.1824E-01    3.6074E+01
  2476    121    557.0000    116.3502     1491.0010       63.5020   252.3630    85.5964    3.4239E+00    6.7354E-01    2.7000E-01       598    157     83     17   1.13    2.8680E-01    3.7421E+01
  2376    117    561.0000    117.4897     1453.3920       49.9460   239.7900    84.9082    3.4982E+00    6.4520E-01    2.4000E-01       593    138     75     12   1.08    3.2217E-01    3.8277E+01
  2299    116    564.0000    113.4633     1425.0780      111.7480   234.9320    84.2257    3.4598E+00    6.6423E-01    3.6000E-01       562    130     70     29   1.02    2.9688E-01    4.4867E+01
  2228    112    568.0000    104.0748     1396.6020       94.8500   233.4780    83.7187    3.3027E+00    6.8457E-01    4.0500E-01       539    130     68     24   0.96    3.5597E-01    4.1115E+01
  2152    106    571.0000     91.0769     1366.0690       65.5340   230.9140    83.0211    3.0592E+00    6.0382E-01    2.4000E-01       531    148     70     14   0.94    2.7288E-01    4.0390E+01
  2086    102    575.0000     82.6870     1334.2180       85.6000   225.4390    82.4289    2.8966E+00    6.7070E-01    3.3000E-01       509    124     61     19   0.89    3.3552E-01    4.3837E+01
  2033    100    578.0000     75.9703     1317.0940       67.9420   227.2000    82.0258    2.7659E+00    5.8248E-01    3.4500E-01       491    153     71     21   0.88    2.7574E-01    3.2453E+01
  1983     98    581.0000     80.8599     1292.7980       74.6960   218.4150    81.5147    2.9062E+00    5.7820E-01    2.7000E-01       491    136     61     17   0.85    2.9557E-01    4.2061E+01
  1945     96    585.0000     79.7483     1280.6620       38.0360   218.7790    80.8836    2.9021E+00    6.1216E-01    1.6500E-01       502    142     62      6   0.84    3.5077E-01    4.1717E+01
  1899     94    588.0000     72.9935     1259.3680       58.0600   208.4940    80.8970    2.7577E+00    6.2339E-01    2.2500E-01       487    140     62     11   0.83    2.9462E-01    4.2289E+01
  1854     91    592.0000     75.4803     1239.3220      131.1520   194.1820    80.4401    2.8433E+00    6.5054E-01    4.5000E-01       484    115     59     34   0.80    3.6004E-01    4.4134E+01
  1814     90    595.0000     75.1072     1222.1660      154.9300   182.3600    79.8781    2.8558E+00    6.9308E-01    6.1500E-01       494    134     73     56   0.87    3.8860E-01    2.9554E+01
  1764     84    599.0000     81.5842     1198.2140      201.6900   168.7750    79.6016    3.0456E+00    7.9959E-01    7.8000E-01       498    114     71     69   0.83    4.9447E-01    2.8779E+01
  1728     81    602.0000     86.2423     1179.1750      154.4480   156.1840    79.0653    3.1805E+00    7.6430E-01    6.6000E-01       489    115     69     50   0.75    4.5845E-01    3.3277E+01
  1703     80    606.0000     76.9974     1166.4530      116.7900   158.9760    78.8003    2.9625E+00    6.7018E-01    4.5000E-01       468    125     64     35   0.75    3.5994E-01    3.5994E+01
  1669     78    609.0000     74.4691     1152.0620       89.6400   148.0910    78.4103    2.9184E+00    7.7230E-01    4.9500E-01       479     98     67     30   0.75    3.8934E-01    3.2527E+01
  1645     76    613.0000     79.5164     1142.1460      142.8280   140.8140    78.1607    3.0650E+00    7.4845E-01    5.7000E-01       470    119     69     46   0.78    4.3337E-01    3.4127E+01
  1621     76    616.0000     83.6514     1129.2520       97.7840   131.0750    77.9233    3.1846E+00    7.5520E-01    4.5000E-01       465    119     74     32   0.80    3.3141E-01    3.0220E+01
  1595     75    620.0000     80.2680     1107.4610      141.7300   112.4870    77.4068    3.1063E+00    7.3562E-01    6.1500E-01       473    116     69     48   0.79    4.0261E-01    3.0418E+01
  1579     75    623.0000     70.2438     1099.2470      133.5240   107.4590    77.2006    2.8511E+00    7.0363E-01    5.4000E-01       474    112     72     48   0.80    3.9857E-01    2.7325E+01
  1562     75    626.0000     75.8125     1091.7260      177.1740   105.6860    76.6912    3.0113E+00    7.0821E-01    6.6000E-01       468    119     69     59   0.78    4.1339E-01    2.8774E+01
  1548     74    630.0000     71.4878     1083.5620      143.0500    98.4360    76.5896    2.9031E+00    6.5482E-01    6.0000E-01       446    128     69     51   0.77    4.0914E-01    2.8097E+01
  1534     74    633.0000     76.2508     1077.2600       78.0880    92.1900    76.5456    3.0403E+00    7.0265E-01    4.5000E-01       463    131     66     26   0.77    3.9401E-01    2.8661E+01
  1525     73    637.0000     75.2248     1071.4730      146.3000    88.5010    76.4568    3.0175E+00    6.9183E-01    6.0000E-01       458    124     63     44   0.76    4.2619E-01    3.2572E+01
  1509     72    640.0000     75.5438     1060.1040      132.6700    81.7590    76.2189    3.0332E+00    7.3149E-01    5.4000E-01       459    122     72     43   0.74    4.1000E-01    3.2009E+01
  1500     72    644.0000     76.6966     1053.0510       69.9400    76.3670    75.6321    3.0675E+00    7.1638E-01    4.0500E-01       454    118     67     22   0.75    3.3067E-01    3.3539E+01
  1490     72    647.0000     79.2652     1050.0530      120.1760    74.7610    76.0643    3.1444E+00    7.1378E-01    5.2500E-01       459    121     65     39   0.75    4.1686E-01    3.1343E+01
  1482     71    651.0000     75.8801     1046.3340       98.6080    71.1580    75.9517    3.0599E+00    6.6922E-01    5.1000E-01       447    127     67     34   0.73    4.3699E-01    2.8089E+01
  1469     70    654.0000     75.0486     1039.6140       99.8240    66.2450    75.8189    3.0460E+00    6.6705E-01    4.8000E-01       464    130     63     32   0.75    4.1441E-01    3.3922E+01
  1459     70    658.0000     75.9779     1033.6440      175.0320    63.9630    75.5447    3.0770E+00    7.5765E-01    6.7500E-01       464    105     58     52   0.72    4.6252E-01    3.7251E+01
  1447     70    661.0000     72.8823     1028.0430       71.8560    59.6930    75.1069    3.0014E+00    6.0785E-01    3.3000E-01       461    149     61     21   0.76    3.1439E-01    3.3633E+01
  1439     69    665.0000     74.8720     1020.4000       52.1080    57.0760    75.2154    3.0577E+00    6.5078E-01    2.5500E-01       453    111     59     13   0.73    3.4711E-01    4.1852E+01
  1435     69    668.0000     81.7146     1019.0720       69.2520    57.7050    75.2099    3.2449E+00    5.6587E-01    3.0000E-01       458    130     61     21   0.73    2.9583E-01    3.2688E+01
  1428     69    671.0000     78.9730     1015.6950       65.3460    57.6170    74.8154    3.1771E+00    5.6142E-01    2.8500E-01       450    111     56     18   0.71    3.0388E-01    3.8040E+01
  1422     69    675.0000     74.9690     1012.3500       71.6780    55.8400    74.9630    3.0727E+00    5.1356E-01    3.0000E-01       450    128     56     19   0.73    3.0160E-01    3.6585E+01
  1417     69    678.0000     74.4989     1008.9850       57.9580    54.2270    72.7354    3.0625E+00    5.2815E-01    2.8500E-01       462    124     57     17   0.73    3.3537E-01    3.5541E+01
  1417     69    682.0000     73.0540     1008.9690       82.1860    54.8120    74.7431    3.0227E+00    5.6123E-01    3.3000E-01       445    120     57     23   0.72    2.9431E-01    3.5551E+01
  1408     68    685.0000     80.4372      998.4410       90.3640    46.8800    74.6038    3.2234E+00    5.6210E-01    3.7500E-01       454    125     57     26   0.72    3.1204E-01    3.4812E+01
  1405     66    689.0000     82.2159      996.7350       62.2500    48.0850    74.4359    3.2728E+00    5.8067E-01    2.5500E-01       442    118     54     16   0.72    2.7639E-01    3.7896E+01
  1400     65    692.0000     75.6007      993.2300      101.9260    47.7140    74.4834    3.0973E+00    5.9638E-01    3.7500E-01       446    126     58     30   0.75    3.2599E-01    3.3532E+01
  1394     65    696.0000     74.1260      991.5830       54.2600    48.4960    74.1239    3.0626E+00    6.0982E-01    2.7000E-01       446    115     60     17   0.74    2.8398E-01    3.1269E+01
  1387     65    699.0000     85.0569      987.7700       50.3500    48.3660    73.0691    3.3619E+00    6.9364E-01    3.1500E-01       453    115     59     13   0.71    4.0012E-01    3.6430E+01
  1385     65    703.0000     82.1465      986.6450       50.7560    50.4190    74.1763    3.2862E+00    5.8917E-01    2.8500E-01       437    123     58     13   0.71    3.3258E-01    3.7920E+01
  1378     65    706.0000     70.9057      981.0480       32.9980    49.9330    73.8495    2.9819E+00    6.2998E-01    1.5000E-01       418    115     65     10   0.72    2.3603E-01    3.5321E+01
  1373     65    710.0000     77.1618      978.1470      102.4140    50.9280    74.1984    3.1582E+00    5.6144E-01    3.6000E-01       446    116     59     29   0.75    2.9646E-01    3.5478E+01
  1365     65    713.0000     85.8374      971.8550       83.6960    48.4590    73.5211    3.3945E+00    6.3008E-01    3.7500E-01       451    118     60     25   0.72    3.1322E-01    3.3270E+01
  1360     64    717.0000     90.3224      968.4810      109.4260    50.4960    73.6015    3.5149E+00    7.5752E-01    5.1000E-01       453     88     60     32   0.70    4.0789E-01    3.7343E+01
  1355     64    720.0000     84.8671      961.7220       76.4680    52.0250    73.3702    3.3710E+00    6.7132E-01    3.7500E-01       441    118     63     22   0.70    3.2971E-01    3.4368E+01
  1351     64    723.0000     91.6826      960.3610       99.9880    51.6500    72.1425    3.5533E+00    6.4480E-01    3.9000E-01       450    105     59     32   0.68    3.4387E-01    3.3238E+01
  1352     63    727.0000     95.6468      960.3580       71.9180    53.2370    73.4674    3.6535E+00    6.7019E-01    3.4500E-01       444    103     62     22   0.66    3.2471E-01    3.1602E+01
  1339     61    730.0000     93.9168      951.8540       50.8960    46.7090    73.3287    3.6182E+00    6.6404E-01    2.4000E-01       427     96     59     14   0.66    3.1436E-01    3.6187E+01
  1338     61    734.0000     86.3927      951.3360       26.9660    47.0190    73.2102    3.4231E+00    7.0710E-01    1.2000E-01       422    100     53      7   0.67    3.5781E-01    3.8203E+01
  1330     60    737.0000     80.9710      945.9760       73.5880    44.2160    73.3081    3.2832E+00    6.5130E-01    3.3000E-01       437    115     59     22   0.69    3.1000E-01    3.3338E+01
  1324     60    741.0000     84.8379      943.1220       67.9620    43.6230    73.1188    3.3921E+00    5.7023E-01    3.3000E-01       444    116     60     22   0.70    3.0838E-01    3.0416E+01
  1321     60    744.0000     88.9907      938.5040       47.8200    42.9760    72.2054    3.5006E+00    6.0533E-01    2.4000E-01       434    116     62     13   0.68    2.8130E-01    3.6413E+01
  1319     60    748.0000     94.1650      937.0520       48.3280    40.3740    72.2536    3.6362E+00    6.0147E-01    3.3000E-01       427    113     58     17   0.66    3.4817E-01    3.0382E+01
  1316     60    751.0000     87.8776      935.2810       93.5660    40.4250    70.2802    3.4747E+00    6.4510E-01    4.0500E-01       426    113     60     31   0.67    3.6499E-01    2.9479E+01
  1315     60    755.0000     94.3885      932.8080       51.5140    40.4540    72.3590    3.6427E+00    6.0781E-01    2.4000E-01       438    122     56     15   0.68    2.6722E-01    3.5093E+01
  1312     60    758.0000     96.4957      931.0060       28.2380    40.7320    72.7920    3.6990E+00    6.2495E-01    1.3500E-01       447     94     58      8   0.65    2.2065E-01    3.4576E+01
  1306     61    762.0000     99.4674      925.6000      104.8680    41.4520    72.7681    3.7769E+00    6.2689E-01    4.3500E-01       449    113     60     33   0.64    3.3307E-01    3.4145E+01
  1302     60    765.0000    106.7476      924.5390       73.9540    40.8310    72.1437    3.9644E+00    7.3216E-01    3.0000E-01       443    104     60     20   0.67    2.9426E-01    3.6977E+01
  1295     59    768.0000    104.0063      916.1410       40.0180    36.0260    72.3435    3.8961E+00    5.8134E-01    3.0000E-01       435    102     59     13   0.66    3.6340E-01    3.3030E+01
  1293     59    772.0000    106.5038      914.3430       44.7260    35.1890    72.3283    3.9591E+00    5.5560E-01    2.5500E-01       440     99     53     14   0.66    3.0548E-01    3.5283E+01
  1290     59    775.0000    110.2203      912.4700       29.3800    34.7370    72.4839    4.0531E+00    6.3649E-01    1.6500E-01       437    104     55      7   0.64    2.4650E-01    3.8931E+01
  1283     59    779.0000    107.2930      908.6630       39.7060    32.8770    72.2155    3.9876E+00    5.7986E-01    1.9500E-01       443    101     55     11   0.64    2.5624E-01    3.7480E+01
  1277     59    782.0000    103.4090      906.7450       42.1860    32.4990    72.4193    3.8983E+00    6.0013E-01    2.5500E-01       450     92     54     11   0.65    3.2765E-01    3.6783E+01
  1274     60    786.0000    103.2816      906.4230       23.1580    33.1960    71.7979    3.8998E+00    6.4614E-01    7.5000E-02       448     89     51      5   0.66    2.6024E-01    4.0816E+01
  1272     58    789.0000    102.3437      904.2660       22.4560    31.7530    71.8290    3.8764E+00    5.7062E-01    7.5000E-02       432    102     55      6   0.69    2.5818E-01    3.9783E+01
  1271     58    793.0000     99.2828      902.3980       29.5260    35.3040    71.7587    3.7978E+00    6.8593E-01    1.6500E-01       423     78     51      7   0.66    3.1412E-01    4.1647E+01
  1267     58    796.0000    100.7131      900.4110       50.6100    35.0950    72.2256    3.8382E+00    5.2291E-01    2.2500E-01       419    101     50     12   0.70    2.6884E-01    4.2023E+01
  1264     57    800.0000    102.6650      898.5290       27.4400    39.1160    71.2794    3.8900E+00    5.7622E-01    1.5000E-01       421     99     52      8   0.73    2.1664E-01    3.6470E+01
  1254     56    803.0000    113.0090      889.2990       41.2480    32.4930    71.5893    4.1513E+00    6.2408E-01    2.1000E-01       437     88     53     13   0.76    2.4325E-01    3.5318E+01
  1248     56    807.0000    117.0507      885.9200       49.7440    33.5670    71.4984    4.2557E+00    6.7299E-01    2.8500E-01       443     92     55     16   1.04    3.0155E-01    3.0611E+01
  1230     55    810.0000     84.9488      875.6180       45.9860    34.8410    69.0455    3.4514E+00    6.2549E-01    2.2500E-01       420    109     54     14   2.67    2.9576E-01    3.2272E+01
  1210     55    814.0000     83.4905      865.9630       40.3700    49.9650    71.2396    3.4305E+00    7.2146E-01    2.5500E-01       411     92     57     12   3.32    3.4195E-01    3.1018E+01
  1164     50    817.0000    193.3546      839.9320       70.6740    63.8690    70.6069    6.0741E+00    8.7834E-01    5.2500E-01       368     52     46     20   2.66    5.0642E-01    3.5337E+01
  1110     46    820.0000    262.6654      807.5310       49.1760    88.5550    69.6236    7.5508E+00    8.1993E-01    4.5000E-01       321     58     47     14   2.22    5.2835E-01    3.3700E+01
  1051     43    824.0000    275.2674      777.6700       72.9840   124.9250    68.8475    7.9307E+00    8.5353E-01    5.4000E-01       276     52     40     20   1.91    5.3026E-01    3.6492E+01
   983     41    827.0000    272.3424      742.9630       92.0260   142.4390    67.5587    8.0492E+00    7.9612E-01    7.0500E-01       239     57     38     28   1.63    5.6626E-01    3.1253E+01
   928     40    831.0000    227.0529      713.4180       49.0940   168.2470    66.9482    7.2625E+00    5.5633E-01    3.6000E-01       200     65     37     15   1.45    4.1402E-01    2.9716E+01
   859     37    834.0000    111.6305      672.7030       52.3000   183.8680    65.7565    4.6300E+00    7.6269E-01    4.6500E-01       189     53     32     15   1.23    5.4648E-01    3.2929E+01
   800     34    838.0000     87.7221      638.0410       39.6280   169.2750    64.6512    4.0290E+00    5.5185E-01    3.7500E-01       173     68     29     11   1.09    4.4942E-01    3.3634E+01
   751     33    841.0000     68.1150      614.0010       83.4000   169.1670    63.5457    3.4794E+00    5.6965E-01    5.5500E-01       166     69     28     25   0.97    4.9567E-01    3.3737E+01
   709     29    845.0000     63.2055      592.0890       88.4620   162.0080    62.8938    3.3753E+00    5.6530E-01    5.8500E-01       153     69     24     24   0.89    5.1939E-01    3.7223E+01
   657     28    848.0000     54.1806      560.1960       69.1480   152.4310    61.7561    3.1175E+00    5.2829E-01    4.9500E-01       154     66     22     18   0.81    5.2025E-01    3.7402E+01
   620     24    852.0000     44.4319      531.3720       49.6960   139.8590    60.8447    2.7700E+00    4.2849E-01    3.4500E-01       144     65     23     13   0.76    3.8646E-01    3.5201E+01
   574     24    855.0000     34.5793      498.7210       36.2960   125.6760    59.2439    2.3931E+00    4.7660E-01    3.0000E-01       132     64     24     10   0.69    4.1282E-01    3.1851E+01
   553     23    859.0000     33.2211      485.2920       62.5040   122.8320    58.9403    2.3562E+00    5.1099E-01    4.6500E-01       125     62     25     22   0.66    4.1585E-01    2.8535E+01
   529     22    862.0000     39.6664      470.4380       39.7440   114.0420    58.0389    2.6884E+00    4.4151E-01    3.3000E-01       132     67     20     12   0.64    4.4151E-01    3.6229E+01
   517     21    865.0000     40.3153      463.0530       38.6960   115.7700    57.8954    2.7372E+00    4.1157E-01    3.3000E-01       136     64     20     10   0.63    4.1157E-01    3.4926E+01
   490     20    869.0000     36.6637      444.5500       80.5660    99.1950    57.2143    2.6093E+00    5.0022E-01    5.4000E-01       130     59     21     24   0.59    4.9954E-01    3.3920E+01
   468     19    872.0000     33.4470      429.3270       29.3080    91.7370    56.5424    2.4869E+00    4.4305E-01    2.8500E-01       125     61     21     10   0.58    3.6549E-01    3.1802E+01
   456     18    876.0000     30.2238      418.2890       52.1380    84.1320    55.9080    2.3368E+00    3.6231E-01    2.8500E-01       124     60     20     14   0.57    3.6231E-01    3.3596E+01
   436     18    879.0000     28.2397      408.2220       26.5560    76.8120    54.9568    2.2695E+00    4.8512E-01    2.7000E-01       126     60     20      8   0.56    4.8512E-01    3.4694E+01
   419     17    883.0000     30.4119      395.1100       23.4980    66.0920    54.9270    2.4095E+00    4.3179E-01    1.9500E-01       120     56     22      6   0.53    4.0992E-01    2.9870E+01
   415     17    886.0000     30.3319      392.0780       24.0980    63.9910    54.7731    2.4115E+00    3.8938E-01    9.0000E-02       118     52     19      7   0.53    3.9399E-01    3.3891E+01
   404     17    890.0000     25.2558      386.6810       25.7160    64.6140    54.4551    2.1553E+00    4.8601E-01    2.7000E-01       119     57     21      7   0.53    4.6967E-01    3.1100E+01
   398     17    893.0000     27.9760      382.9790       63.7760    62.2630    54.4120    2.3185E+00    4.3732E-01    4.3500E-01       117     58     19     18   0.49    4.7075E-01    3.4481E+01
   384     17    897.0000     27.9706      374.0780       32.5380    57.3880    53.7462    2.3446E+00    5.9024E-01    2.7000E-01       120     47     19      7   0.47    6.1329E-01    3.3944E+01
   380     17    900.0000     30.2929      372.3380       28.1680    55.8260    53.6671    2.4826E+00    5.5371E-01    2.8500E-01       117     42     21      6   0.46    5.5017E-01    3.1537E+01
   376     17    904.0000     25.9158      367.7360       18.8380    54.2970    53.4140    2.2407E+00    3.5663E-01    1.6500E-01       113     51     18      5   0.48    3.8687E-01    3.5892E+01
   368     16    907.0000     27.4232      361.1420       72.7720    48.5000    52.4321    2.3394E+00    4.1622E-01    4.5000E-01       115     51     18     22   0.47    4.3247E-01    3.3649E+01
   365     16    911.0000     27.7187      359.6390       34.2120    51.7070    53.2487    2.3632E+00    4.2300E-01    2.7000E-01       114     53     18      9   0.49    4.5332E-01    3.4574E+01
   360     16    914.0000     29.9574      354.9660       28.8040    47.0370    52.8692    2.4963E+00    4.4999E-01    2.7000E-01       112     50     19      9   0.47    4.5101E-01    3.3590E+01
   352     16    917.0000     34.1386      349.8830       26.6520    42.9790    52.4199    2.7430E+00    5.1285E-01    2.7000E-01       112     43     20      7   0.45    5.1285E-01    3.1320E+01
   346     16    921.0000     29.5400      345.1120       23.6260    38.2100    52.3723    2.5022E+00    4.3442E-01    2.5500E-01       106     47     19      7   0.45    4.3736E-01    3.3213E+01
   340     17    924.0000     23.6046      339.8740       37.0100    33.7980    51.2846    2.1637E+00    3.9373E-01    2.8500E-01       102     50     16      8   0.48    4.3457E-01    3.7852E+01
   340     16    928.0000     24.9828      338.1910       33.6080    32.9350    51.6225    2.2434E+00    4.4199E-01    2.8500E-01       107     44     18      8   0.47    4.9955E-01    3.3611E+01
   337     16    931.0000     27.5629      336.3970       47.0380    32.3190    52.0241    2.4023E+00    5.4551E-01    4.5000E-01       114     52     17     13   0.47    5.6570E-01    3.7355E+01
   334     16    935.0000     28.2797      334.1060       45.5260    30.8380    51.6532    2.4498E+00    6.0341E-01    4.6500E-01       110     40     17     11   0.45    6.3937E-01    3.7682E+01
   331     16    938.0000     24.0815      332.7840       43.1800    28.7160    51.2111    2.2086E+00    5.0489E-01    4.2000E-01       105     42     18     12   0.48    5.5704E-01    3.5759E+01
   327     16    942.0000     24.3361      329.7650       40.7060    26.8680    51.2386    2.2317E+00    3.9639E-01    3.4500E-01       107     58     19     12   0.52    3.9986E-01    3.4229E+01
   324     17    945.0000     29.2094      329.3990       47.4440    28.3000    51.6339    2.5319E+00    6.6565E-01    6.3000E-01       107     36     19     14   0.46    6.7019E-01    3.2800E+01
   321     17    949.0000     27.9175      327.4110       37.8420    26.3370    50.7024    2.4638E+00    4.2300E-01    2.5500E-01       107     53     15      9   0.50    4.8629E-01    4.0927E+01
   317     15    952.0000     21.9572      322.4280       64.0120    22.7530    50.9878    2.1025E+00    4.5326E-01    4.9500E-01       105     50     18     18   0.50    5.0245E-01    3.5872E+01
   315     15    956.0000     24.4817      323.3930       47.9020    24.2300    69.0074    2.2706E+00    4.4427E-01    3.7500E-01       106     49     15     11   0.48    4.8908E-01    3.9522E+01
   314     15    959.0000     31.5024      322.4400       46.6640    22.7210    69.0074    2.6881E+00    4.5015E-01    4.0500E-01       105     43     15     10   0.44    4.8997E-01    3.6693E+01
   311     15    962.0000     30.0866      319.7740       34.0920    20.6190    50.8132    2.6129E+00    4.2800E-01    2.2500E-01       104     38     15      8   0.45    5.5672E-01    4.0830E+01
   307     13    966.0000     32.1145      312.0450       13.1160    23.1290    69.0074    2.7255E+00    4.7855E-01    2.5500E-01       105     41     17      4   0.48    5.0740E-01    3.4252E+01
   309     14    969.0000     37.4217      317.9610       32.1460    20.4320    50.5824    3.0266E+00    5.2658E-01    2.4000E-01       107     41     17      8   0.45    5.5535E-01    3.6405E+01
   309     14    973.0000     45.8688      317.9560       26.7460    20.8170    51.0129    3.4664E+00    4.9930E-01    2.5500E-01       109     36     17      7   0.44    5.7862E-01    3.7993E+01
   307     14    976.0000     48.0318      316.8650       40.8200    22.3430    49.7065    3.5827E+00    3.1590E-01    2.1000E-01       108     44     17     11   0.46    3.8095E-01    3.4897E+01
   307     14    980.0000     48.5799      316.8620       14.0180    22.3430    50.4809    3.6099E+00    4.5326E-01    1.5000E-01       103     34     17      4   0.42    5.7003E-01    3.6688E+01
   304     14    983.0000     44.4278      315.0940       25.6380    21.4950    50.0672    3.4125E+00    4.0724E-01    1.0500E-01       103     40     16      6   0.62    4.4014E-01    3.5996E+01
   303     13    987.0000     39.5757      313.8790       26.7360    21.7030    49.6235    3.1607E+00    4.1047E-01    2.5500E-01        99     34     16      7   0.43    4.3815E-01    3.8445E+01
   301     14    990.0000     37.9359      312.7110       29.3900    22.3800    49.4588    3.0797E+00    2.9132E-01    1.5000E-01        98     35     14      6   0.45    4.8603E-01    3.9953E+01
   300     15    994.0000     38.7508      312.7060       37.0160    22.3800    50.7554    3.1291E+00    3.3016E-01    2.2500E-01       100     31     14      7   0.43    5.6440E-01    4.2167E+01
   297     15    997.0000     36.3733      309.6060       50.5180    19.2900    49.5465    3.0057E+00    4.6187E-01    4.5000E-01        97     39     15     13   0.46    6.0832E-01    3.9180E+01
   297     14   1001.0000     30.4621      308.7050       41.3000    18.9440    50.0245    2.6680E+00    7.1344E-01    6.1500E-01        91     28     18     13   1.13    7.8042E-01    3.3709E+01
   296     13   1004.0000     38.6647      306.6550       48.6000    21.9910    49.1184    3.1262E+00    5.6982E-01    5.2500E-01        99     34     16     14   0.45    7.4088E-01    3.6605E+01
   296     13   1007.0000     36.3981      306.6390       31.1900    21.9910    50.4650    3.0028E+00    8.8780E-01    4.6500E-01       101     23     18      9   0.44    9.3417E-01    3.2061E+01
   294     13   1011.0000     40.5453      302.7040       18.7020    19.8000    50.1411    3.2244E+00    8.0112E-01    1.5000E-01       102     25     19      5   0.43    8.1278E-01    3.1127E+01
   293     13   1014.0000     46.3714      301.5240       30.6120    19.9710    47.2339    3.5280E+00    5.8176E-01    4.2000E-01        99     29     17      9   0.42    6.9608E-01    3.4933E+01
   293     13   1018.0000     45.0829      301.5120       25.8440    21.4740    47.1439    3.4623E+00    6.4240E-01    5.1000E-01        97     29     18      9   0.41    7.2733E-01    3.1934E+01
   293     13   1021.0000     45.0762      300.1500       33.7760    24.7770    48.8588    3.4568E+00    8.2506E-01    6.3000E-01        94     25     18     12   0.40    8.6318E-01    3.1428E+01
   292     13   1025.0000     43.1910      298.7270       48.4820    23.3580    47.5466    3.3604E+00    7.6349E-01    7.2000E-01        93     26     19     16   0.41    8.2378E-01    3.0222E+01
   292     13   1028.0000     42.9421      298.7170       42.4360    23.3580    48.6860    3.3475E+00    7.2833E-01    6.0000E-01        93     33     18     13   0.40    7.6025E-01    3.1896E+01
   291     13   1032.0000     45.7303      296.6300       28.3220    22.6330    49.5431    3.4890E+00    8.6589E-01    5.7000E-01        89     21     18      9   0.39    8.9045E-01    3.0012E+01
   287     13   1035.0000     47.8601      293.1900       24.9580    19.1960    49.4383    3.6087E+00    8.1234E-01    5.7000E-01        90     24     18      8   0.38    8.4445E-01    2.9112E+01
   284     13   1039.0000     44.0876      290.2060       31.6820    21.5090    49.4979    3.4238E+00    7.2837E-01    5.4000E-01        95     30     17     10   0.39    7.7899E-01    3.2122E+01
   282     13   1042.0000     36.8848      287.3390       62.5120    18.6480    47.3732    3.0411E+00    7.4024E-01    8.2500E-01        96     26     18     21   0.41    8.0855E-01    2.9877E+01
   282     13   1046.0000     36.6155      287.3340       36.0160    20.4660    48.4369    3.0263E+00    6.6976E-01    6.1500E-01        92     31     18     12   0.40    7.7899E-01    3.2173E+01
   282     13   1049.0000     37.3860      287.3130       64.8000    21.6530    49.4138    3.0685E+00    7.5876E-01    8.4000E-01        90     28     16     21   0.40    8.0496E-01    3.1615E+01
   281     13   1053.0000     41.1240      285.7580       57.1580    21.4360    47.4217    3.2700E+00    7.9813E-01    8.1000E-01        92     27     17     18   0.38    8.2892E-01    3.1426E+01
   280     12   1056.0000     44.1229      284.1310       34.2480    20.2240    46.4187    3.4270E+00    5.8450E-01    4.6500E-01        95     36     16      9   0.38    6.6422E-01    3.3015E+01
   280     12   1059.0000     45.7010      282.7990       33.2160    21.0500    46.9682    3.5027E+00    7.4002E-01    6.0000E-01        95     32     18     12   0.37    7.8755E-01    2.9685E+01
   280     12   1063.0000     44.4200      281.4630       41.8900    21.0500    47.6628    3.4315E+00    6.5877E-01    5.8500E-01        98     33     16     12   0.37    7.0771E-01    3.2342E+01
   280     12   1066.0000     48.8055      281.4540       46.0880    21.0480    48.3425    3.6538E+00    6.0121E-01    5.1000E-01        94     29     16     13   0.38    7.8302E-01    3.1486E+01
   280     12   1070.0000     47.4169      281.1460       39.9340    21.3720    49.1405    3.5828E+00    7.3630E-01    5.7000E-01        91     29     18     12   0.38    7.7022E-01    2.9564E+01
   276     12   1073.0000     44.5314      278.5740       50.0760    20.3890    45.9593    3.4514E+00    6.0951E-01    6.0000E-01        91     39     17     16   0.39    6.5194E-01    3.1703E+01
   276     12   1077.0000     46.0013      278.5690       72.7360    21.2970    47.7111    3.5270E+00    6.0279E-01    6.4500E-01        92     33     16     22   0.38    6.3052E-01    3.1936E+01
   275     11   1080.0000     50.3759      274.4950       36.3260    17.6900    44.0071    3.7359E+00    6.4728E-01    4.8000E-01        92     24     15     10   0.36    8.0722E-01    3.5189E+01
   275     11   1084.0000     53.2490      274.4870       27.2880    17.6900    44.8430    3.8766E+00    7.2471E-01    4.3500E-01        92     30     17      8   0.36    7.8860E-01    3.2406E+01
   275     11   1087.0000     55.2006      274.4830       34.1280    17.6900    45.7576    3.9707E+00    6.5567E-01    5.1000E-01        90     20     14      9   0.38    9.1194E-01    3.6003E+01
   274     12   1091.0000     56.1828      274.4790       28.5200    19.4240    46.7227    4.0254E+00    7.4176E-01    5.7000E-01        88     29     17      9   0.39    8.4857E-01    3.0865E+01
   273     13   1094.0000     65.6082      274.4710       28.5080    18.5020    47.4157    4.4724E+00    8.9905E-01    5.5500E-01        91     20     16      8   0.38    9.9672E-01    3.2930E+01
   274     12   1098.0000     63.6184      274.1250       36.0880    20.5350    48.3954    4.3713E+00    1.0824E+00    9.1500E-01        95     13     16     12   0.37    1.2316E+00    3.0783E+01
   273     12   1101.0000     66.3419      272.5850       26.1240    21.5560    46.8759    4.4953E+00    8.8895E-01    6.7500E-01        96     17     16      8   0.37    1.1047E+00    3.2547E+01
   273     12   1104.0000     71.7698      272.3450       26.6880    21.5560    47.6792    4.7359E+00    7.7648E-01    4.9500E-01        97     19     15      7   0.37    1.0784E+00    3.5207E+01
   271     12   1108.0000     80.7177      266.3600       33.6620    20.8070    45.6582    5.1036E+00    9.3441E-01    7.9500E-01       101     20     16     10   0.33    9.7339E-01    3.0824E+01
   271     12   1111.0000     75.9094      266.3550       30.8420    21.7880    45.8808    4.8988E+00    9.0452E-01    6.1500E-01        97     20     16      9   0.32    9.7702E-01    3.1273E+01
   271     12   1115.0000     73.6222      266.3440       11.7340    23.6690    46.4550    4.7999E+00    9.1335E-01    2.8500E-01        93     17     15      3   0.32    1.1525E+00    3.2042E+01
   271     12   1118.0000     67.8568      265.0490       22.5160    29.4570    47.8921    4.5385E+00    1.0902E+00    3.3000E-01        89     14     16      6   0.32    1.2836E+00    3.1720E+01
   270     12   1122.0000     74.6104      264.2150       20.8180    28.6300    46.3767    4.8392E+00    6.4825E-01    3.4500E-01        92     18     13      6   0.32    1.1838E+00    3.3258E+01
   270     12   1125.0000     73.1838      264.2120       11.5060    29.6620    46.6688    4.7773E+00    4.5675E-01    1.6500E-01        92     19     14      4   0.33    1.1767E+00    3.2088E+01
   270     12   1129.0000     73.2476      264.2120       21.0380    30.6620    46.9526    4.7800E+00    8.6552E-01    4.5000E-01        93     22     17      6   0.32    9.6092E-01    2.9268E+01
   269     12   1132.0000     78.1573      263.7770       17.3560    30.9920    46.4877    4.9983E+00    7.1090E-01    3.3000E-01        90     20     14      5   0.31    9.7930E-01    3.0800E+01
   269     12   1136.0000     77.0234      263.7710       22.0020    30.9920    47.1924    4.9498E+00    9.9177E-01    3.9000E-01        88     14     14      6   0.31    1.2362E+00    3.0779E+01
   268     12   1139.0000     79.6194      263.0120       36.5920    30.2360    46.0562    5.0654E+00    8.1004E-01    6.9000E-01        89     20     15     11   0.31    9.6460E-01    3.1785E+01
   268     12   1143.0000     80.8309      263.0060       13.2580    30.2360    46.3295    5.1166E+00    7.9059E-01    3.1500E-01        91     15     13      4   0.31    1.1551E+00    3.3782E+01
   266     11   1146.0000     79.9848      258.1000       33.2780    27.3500    47.3855    5.0689E+00    8.9399E-01    4.8000E-01        88     15     13      9   0.30    1.2298E+00    3.2764E+01
   264     12   1150.0000     75.7673      256.1660       18.9160    26.4380    47.1139    4.8962E+00    7.6228E-01    2.8500E-01        85     20     14      5   0.30    9.2676E-01    3.2205E+01
   264     10   1153.0000     77.5143      254.9750       18.2200    25.2510    45.2150    4.9635E+00    8.1422E-01    3.7500E-01        85     16     15      6   0.30    1.0980E+00    3.1726E+01
   264     10   1156.0000     71.1671      254.7070       19.3800    25.2510    45.3249    4.6870E+00    7.9790E-01    2.7000E-01        84     17     15      6   0.30    1.0512E+00    3.2319E+01
   264     10   1160.0000     73.1101      253.6870       25.8680    25.2510    45.8758    4.7656E+00    9.4607E-01    7.3500E-01        89     19     14      7   0.29    1.0206E+00    3.1879E+01
   264     10   1163.0000     75.6870      253.6840       17.4140    25.5580    46.0794    4.8769E+00    6.8677E-01    2.2500E-01        87     21     15      5   0.31    8.2374E-01    3.1930E+01
   264     10   1167.0000     71.8473      253.6790       33.1380    25.6720    46.1511    4.7105E+00    7.9027E-01    7.2000E-01        86     15     14      9   0.31    1.0634E+00    3.1691E+01
   264     10   1170.0000     67.2212      253.6740       41.4940    28.5800    46.7085    4.5060E+00    8.7216E-01    8.5500E-01        88     21     14     12   0.32    9.4899E-01    3.3130E+01
   264     10   1174.0000     65.8454      253.6720       20.2520    29.7500    47.4959    4.4443E+00    1.0111E+00    2.5500E-01        86     16     17      6   0.32    1.0490E+00    2.9333E+01
   262     10   1177.0000     56.6622      252.2820       38.4460    30.4640    46.9860    4.0295E+00    9.8618E-01    8.4000E-01        81     15     15     11   0.30    1.2176E+00    2.9660E+01
   262     10   1181.0000     68.6661      251.4010       37.4820    31.6770    47.1297    4.5749E+00    1.1027E+00    9.9000E-01        81     10     13     10   0.29    1.3353E+00    3.0373E+01
   259      9   1184.0000     67.9694      248.6090       21.7800    30.5300    45.9149    4.5543E+00    1.0077E+00    3.4500E-01        82     13     14      6   0.29    1.4438E+00    3.1724E+01
   259      9   1188.0000     71.5020      248.6070       30.8520    30.5300    46.8120    4.7108E+00    1.3236E+00    9.1500E-01        80      8     15      8   0.28    1.5059E+00    2.7945E+01
   255      9   1191.0000     76.2166      245.4850       45.7560    27.4120    45.1723    4.9350E+00    1.3203E+00    1.3350E+00        84     10     15     15   0.27    1.6576E+00    2.9358E+01
   255      9   1195.0000     78.8289      245.4810       37.9400    27.7900    46.1969    5.0471E+00    1.2545E+00    1.1550E+00        82     11     15     12   0.27    1.4787E+00    3.0648E+01
   254      9   1198.0000     84.8572      244.4100       29.1880    26.9000    46.2177    5.3044E+00    1.1429E+00    9.3000E-01        83     11     15      9   0.27    1.3948E+00    3.1207E+01
   254      9   1201.0000     82.2976      243.3330       24.0520    27.6420    46.8093    5.1895E+00    1.0302E+00    4.9500E-01        78     14     15      7   0.28    1.2569E+00    3.0215E+01
   251      9   1205.0000     72.9622      239.3850       44.6600    24.2430    46.4845    4.7929E+00    1.0757E+00    1.1250E+00        78     11     13     14   0.28    1.4503E+00    2.8871E+01
   249      9   1208.0000     61.2860      238.2550       50.0020    24.0390    46.1564    4.2779E+00    1.3019E+00    1.3650E+00        79     12     19     21   0.29    1.3089E+00    2.3154E+01
   248      9   1212.0000     61.1906      237.9730       39.8800    24.5380    44.5464    4.2808E+00    1.2655E+00    1.2600E+00        77     11     17     16   0.29    1.4779E+00    2.5542E+01
   248      9   1215.0000     70.0989      237.9670       27.5000    25.6690    45.4714    4.6867E+00    1.3520E+00    1.0350E+00        79     12     18     12   0.29    1.4509E+00    2.6396E+01
   247      9   1219.0000     68.0245      237.1550       23.3700    28.3420    46.0752    4.5982E+00    1.0544E+00    8.5500E-01        78     11     14      7   0.29    1.3623E+00    3.1574E+01
   245      9   1222.0000     65.3958      234.7730       26.2700    26.1930    44.3699    4.4829E+00    1.0752E+00    7.0500E-01        77     13     14      7   0.28    1.2140E+00    3.0831E+01
   245      9   1226.0000     69.7526      233.7590       42.5000    26.1930    44.7821    4.6731E+00    8.4838E-01    8.7000E-01        81     15     14     14   0.28    1.3445E+00    2.8791E+01
   245      9   1229.0000     75.7803      233.7560       26.6740    27.5720    45.1355    4.9386E+00    1.1657E+00    8.2500E-01        83     15     17     11   0.28    1.2813E+00    2.3903E+01
   245      9   1233.0000     79.4516      233.7500       48.7900    30.6670    46.2220    5.0968E+00    9.5454E-01    1.0200E+00        82     16     15     17   0.28    1.2483E+00    2.8302E+01
   244      9   1236.0000     83.5532      232.7910       16.4680    29.3840    45.9352    5.2747E+00    9.3556E-01    3.4500E-01        83     18     15      5   0.28    1.0205E+00    2.6470E+01
   241      9   1240.0000     89.5040      231.8380       37.0840    28.0710    43.7816    5.5504E+00    1.1027E+00    1.0050E+00        80     14     17     14   0.26    1.2669E+00    2.7528E+01
   241      9   1243.0000     86.5625      231.8350       35.7680    28.5590    44.1784    5.4281E+00    1.3951E+00    1.3200E+00        80      6     15     13   0.32    1.5434E+00    2.4774E+01
   240      9   1247.0000     89.1747      231.4350       36.4020    27.5090    43.6024    5.5456E+00    1.6276E+00    1.5000E+00        76      5     16     14   0.34    1.7900E+00    2.7452E+01
   240      9   1250.0000     84.9608      231.4280       46.6900    25.7950    43.7386    5.3694E+00    1.4098E+00    1.4700E+00        75      4     16     18   0.34    1.6585E+00    2.6182E+01
   240      9   1253.0000     81.3882      231.4200       26.0640    25.3450    45.4818    5.2178E+00    1.3581E+00    1.0200E+00        76      9     16      9   0.34    1.6374E+00    2.7364E+01
   237     10   1257.0000     74.9125      229.5420       39.3380    23.2660    44.7376    4.9561E+00    1.0172E+00    9.6000E-01        75     13     14     13   0.35    1.3265E+00    2.9975E+01
   238      9   1260.0000     68.2174      229.5360       20.4900    22.1350    45.7165    4.6460E+00    8.2663E-01    5.2500E-01        74     18     14      6   0.36    1.2009E+00    2.9840E+01
   237      9   1264.0000     54.1508      229.2200       36.8420    23.6260    44.7295    3.9900E+00    1.2715E+00    1.2450E+00        75      9     15     13   0.36    1.4120E+00    2.9590E+01
   236      9   1267.0000     53.0241      228.3880       56.0840    25.2790    44.9540    3.9383E+00    1.2382E+00    1.4250E+00        75     13     17     21   0.37    1.3677E+00    2.5387E+01
   236      8   1271.0000     58.5347      226.4650       32.9020    23.7460    42.0835    4.1949E+00    8.9118E-01    8.7000E-01        75     16     15     11   0.40    1.1251E+00    2.9484E+01
   235      9   1274.0000     56.7627      225.5460       33.1460    23.8260    44.7464    4.1133E+00    1.1365E+00    1.0650E+00        74     12     16     13   0.39    1.3707E+00    2.8479E+01
   233      9   1278.0000     52.2025      223.4390       31.7740    23.3290    42.6831    3.8950E+00    1.1085E+00    8.7000E-01        73     13     15     11   0.39    1.4018E+00    2.7822E+01
   233      9   1281.0000     56.5852      223.4360       27.0520    23.3290    45.4699    4.1101E+00    1.0433E+00    7.9500E-01        75     11     12      8   0.42    1.5917E+00    3.1217E+01
   231      8   1285.0000     55.5719      220.8870       26.5500    20.6780    44.0304    4.0635E+00    1.2472E+00    7.0500E-01        76      8     12      7   0.72    1.6593E+00    3.1905E+01
   228      8   1288.0000     50.6417      218.8390       47.7220    17.3300    42.4978    3.8336E+00    9.9598E-01    1.0200E+00        72     15     15     17   2.95    1.1137E+00    2.8505E+01
   225      8   1292.0000     48.6887      214.0400       24.0520    25.3200    44.3166    3.7324E+00    9.6059E-01    5.7000E-01        70     12     12      8   3.37    1.3860E+00    3.0977E+01
   202      7   1295.0000     93.7299      196.8390       30.8860    36.2230    42.0647    5.9387E+00    1.6680E+00    1.6650E+00        54      1     10      9   2.61    2.4543E+00    3.1664E+01
   173      6   1298.0000    124.8849      174.9600       46.2100    39.0860    42.0587    7.4850E+00    2.6048E+00    2.9550E+00        42      0     10     15   1.94    3.5330E+00    3.1248E+01
   141      7   1302.0000    119.3110      152.5790       46.8500    42.4810    39.5914    7.6922E+00    2.8366E+00    3.9000E+00        35      0      7     14   1.33    4.9524E+00    3.2967E+01
   127      7   1305.0000    142.2939      141.2860       36.1320    43.9040    39.3385    8.8837E+00    3.2507E+00    4.4400E+00        29      0      6     11   1.12    6.0781E+00    3.2963E+01
   109      5   1309.0000    143.7684      126.3610       43.5240    40.0730    38.1212    9.2934E+00    3.9088E+00    5.1450E+00        26      0      7     13   0.90    7.1852E+00    3.2724E+01
    96      5   1312.0000    131.7447      112.5180       36.1260    31.0780    36.5080    8.9733E+00    4.4806E+00    5.5650E+00        20      0      6     11   0.76    8.0338E+00    3.2736E+01
