 10025    475      0.0000     37.9556     6225.5550     1530.4820     0.0000     9.2359    1.1632E+00    4.5714E-01    5.1000E-01      4833   4002    822   1087   2.95    1.3677E-01    8.9190E+00
 10013    473      3.0000     37.9776     6218.2510     1109.7220     0.1870    22.1390    1.1640E+00    4.6138E-01    4.3500E-01      4583   3724    720    608   3.08    1.4717E-01    1.6330E+01
 10013    471      6.0000     43.8510     6130.0880      882.0040    23.3150    32.1099    1.2750E+00    4.0257E-01    3.3000E-01      4433   3073    451    294   2.94    1.1921E-01    2.9259E+01
 10002    474     10.0000     52.5771     5950.0050     1376.6520    10.2810    32.2269    1.4257E+00    5.2701E-01    5.7000E-01      4513   2600    650    776   2.81    1.5462E-01    1.9091E+01
  9982    474     13.0000     59.6917     5791.2180      997.8660    47.7610    32.1133    1.5395E+00    5.7797E-01    5.4000E-01      4539   2227    637    534   2.72    1.8054E-01    2.7776E+01
  9966    474     17.0000     65.3562     5659.8960     1404.3040    35.7390    30.7922    1.6244E+00    6.0216E-01    6.7500E-01      4386   1933    571    788   2.45    1.6538E-01    2.9552E+01
  9958    472     20.0000     68.1998     5591.1050     1144.8340    27.8270    30.3565    1.6652E+00    6.0063E-01    6.1500E-01      4350   1836    565    591   2.46    1.6678E-01    2.9032E+01
  9945    465     24.0000     75.4313     5494.5970      940.4940    36.4170    31.1899    1.7720E+00    6.1365E-01    5.7000E-01      4456   1666    567    471   2.42    2.1073E-01    1.6609E+01
  9921    466     27.0000     73.5496     5433.2480      870.0360    35.0300    31.0111    1.7383E+00    6.3742E-01    5.5500E-01      4290   1664    605    440   2.38    1.8288E-01    2.1820E+01
  9901    467     31.0000     76.3759     5370.0520      927.9840    41.8840    31.4003    1.7778E+00    6.7527E-01    6.3000E-01      4281   1491    614    523   2.36    1.5964E-01    2.1537E+01
  9874    465     34.0000     79.8792     5333.7960      999.9820    48.4520    31.1679    1.8305E+00    6.8370E-01    6.6000E-01      4246   1406    568    510   2.38    2.0805E-01    4.3485E+01
  9862    465     38.0000     80.4411     5310.0490     1186.3000    58.0550    30.6457    1.8377E+00    6.7815E-01    7.2000E-01      4229   1384    547    637   2.32    2.1719E-01    2.5371E+01
  9860    463     41.0000     79.3428     5307.7830     1235.6640    57.2510    31.2534    1.8209E+00    6.4673E-01    7.0500E-01      4077   1339    507    633   2.28    2.3636E-01    2.3108E+01
  9845    465     45.0000     78.4664     5282.2190     1116.0380    56.8440    31.0011    1.8061E+00    6.3959E-01    6.7500E-01      4071   1372    509    569   2.33    2.0663E-01    2.5003E+01
  9827    464     48.0000     84.8225     5244.9060      961.3680    49.7690    31.1655    1.8999E+00    6.6209E-01    6.4500E-01      4081   1290    494    470   2.24    1.9519E-01    1.6329E+01
  9807    462     52.0000     84.6603     5222.2130     1034.8760    56.2720    30.6253    1.8970E+00    6.7339E-01    6.7500E-01      4057   1263    496    498   2.23    2.0860E-01    1.1224E+01
  9780    461     55.0000     88.1940     5184.4660     1037.2400    65.2090    31.0399    1.9479E+00    6.8475E-01    6.9000E-01      4033   1189    501    507   2.16    2.3016E-01    2.8898E+01
  9742    458     59.0000     90.6244     5147.9790      982.5760    54.2500    30.9108    1.9834E+00    6.8481E-01    6.6000E-01      4002   1180    510    479   2.15    1.8234E-01    3.0431E+01
  9699    459     62.0000     90.7044     5106.8000      809.5420    56.1570    30.8872    1.9844E+00    7.0724E-01    6.3000E-01      3962   1188    510    391   2.15    1.8907E-01    2.5964E+01
  9671    455     66.0000     93.4304     5074.5130      754.8640    56.3770    30.7857    2.0231E+00    7.1121E-01    6.3000E-01      3919   1044    484    363   2.09    1.8725E-01    3.7598E+01
  9648    453     69.0000     95.7520     5052.1260      962.8960    64.3310    30.5794    2.0563E+00    6.9869E-01    6.9000E-01      3980   1112    486    476   2.10    2.0958E-01    1.9938E+01
  9626    447     73.0000     96.1064     5012.9290      825.7760    62.4300    30.6322    2.0588E+00    6.5722E-01    6.0000E-01      3923   1094    432    344   2.10    2.2124E-01    3.4481E+01
  9600    447     76.0000     91.5951     4980.0990      718.6880    65.5280    30.5246    1.9926E+00    6.8391E-01    5.7000E-01      3888   1127    465    326   2.17    1.9511E-01    2.7047E+01
  9573    449     79.0000     93.8660     4958.9890      666.7200    66.4510    30.4539    2.0259E+00    6.8389E-01    5.4000E-01      3797   1021    461    266   2.12    1.9198E-01    3.5841E+01
  9558    447     83.0000     99.5783     4937.1610      562.4860    62.6520    30.1956    2.1061E+00    7.3796E-01    5.5500E-01      3892    949    473    238   2.11    2.2086E-01    5.4642E+01
  9538    446     86.0000     98.8710     4924.6570      441.3240    74.6920    30.1430    2.0969E+00    6.5163E-01    4.0500E-01      3820   1014    413    148   2.12    1.7119E-01    5.8747E+01
  9505    442     90.0000    101.2032     4896.4310      765.0200    97.1180    30.2130    2.1300E+00    6.5205E-01    5.5500E-01      3753    943    379    270   2.09    1.9784E-01    3.5133E+01
  9454    440     93.0000    103.2064     4860.3990      828.1060   110.1090    30.1744    2.1595E+00    7.0418E-01    6.3000E-01      3779    908    436    349   2.03    2.0746E-01    2.4445E+01
  9354    434     97.0000     99.3651     4800.7840      672.4560    97.2900    30.1997    2.1101E+00    6.8353E-01    5.7000E-01      3650    961    399    252   2.03    2.0348E-01    5.0520E+01
  9261    428    100.0000    101.8683     4750.4230      725.2960    92.8260    30.0813    2.1504E+00    6.4200E-01    5.7000E-01      3656    951    369    282   2.01    2.0910E-01    4.8147E+01
  9166    428    104.0000    101.6770     4705.4190      578.6000    72.1720    30.0015    2.1538E+00    6.2722E-01    4.8000E-01      3613    956    346    197   2.01    2.1790E-01    4.3534E+01
  9119    425    107.0000    106.5294     4667.7960      437.1260    63.1500    29.8634    2.2226E+00    6.7673E-01    4.6500E-01      3665    902    375    143   1.99    1.9033E-01    5.5388E+01
  9060    421    111.0000    102.1333     4631.2430      792.9120    46.6420    29.8524    2.1636E+00    6.5984E-01    6.0000E-01      3580    917    365    301   2.00    2.2062E-01    2.9559E+01
  9027    421    114.0000    104.1479     4609.6650      500.5740    56.1920    29.6754    2.1932E+00    6.3292E-01    4.2000E-01      3567    901    359    144   2.00    2.0753E-01    4.5650E+01
  8995    420    118.0000    104.1995     4581.8830      488.2640    63.2280    29.7459    2.1940E+00    6.4645E-01    4.3500E-01      3573    878    361    155   2.02    1.7733E-01    5.0625E+01
  8974    419    121.0000    102.9090     4558.6090      257.3160    70.9090    29.0782    2.1752E+00    6.5887E-01    3.0000E-01      3543    889    355     55   2.02    1.9781E-01    7.0304E+01
  8952    418    125.0000    108.6000     4549.3180      556.2760    72.8910    29.6614    2.2564E+00    6.5399E-01    4.6500E-01      3590    868    368    185   2.01    2.0714E-01    5.5130E+01
  8929    416    128.0000    110.0172     4524.9460      241.7360    88.1200    29.6222    2.2753E+00    6.5781E-01    2.7000E-01      3540    858    358     56   1.96    1.6500E-01    5.4718E+01
  8881    416    132.0000    114.0904     4492.6320      525.3360    93.1920    29.5959    2.3329E+00    7.0262E-01    5.2500E-01      3516    795    372    193   1.90    2.0265E-01    6.2370E+01
  8804    412    135.0000    112.9088     4443.7410      504.7100    88.7490    29.4919    2.3201E+00    6.4525E-01    4.3500E-01      3512    823    341    163   1.90    2.0595E-01    5.7015E+01
  8727    409    139.0000    115.9971     4402.4810      135.2500    82.5700    29.0203    2.3670E+00    6.6856E-01    1.9500E-01      3489    852    357     28   1.89    1.6265E-01    5.3871E+01
  8662    407    142.0000    112.2303     4376.1750      440.7240    68.1550    29.2418    2.3210E+00    7.0759E-01    4.2000E-01      3388    773    368    135   1.87    1.9071E-01    4.8560E+01
  8602    407    146.0000    111.1986     4348.6410      424.6740    49.7670    28.9032    2.3113E+00    6.9252E-01    4.2000E-01      3341    773    357    119   1.87    2.1955E-01    6.6433E+01
  8559    404    149.0000    114.2169     4323.7770      241.7280    44.5220    29.1992    2.3553E+00    6.9769E-01    3.6000E-01      3361    789    370     71   1.86    2.0220E-01    5.7092E+01
  8532    402    153.0000    113.4353     4303.9350      600.2740    43.2270    28.9293    2.3453E+00    6.9012E-01    5.5500E-01      3319    734    356    206   1.85    2.3435E-01    2.3389E+01
  8513    400    156.0000    114.5763     4279.4300      581.6680    42.2400    29.1126    2.3596E+00    8.0199E-01    6.1500E-01      3296    664    401    225   1.82    2.7849E-01    2.4776E+01
  8485    398    159.0000    116.1643     4264.0490      534.4660    54.1210    28.4868    2.3831E+00    8.0023E-01    6.1500E-01      3298    672    401    225   1.84    2.6726E-01    5.1277E+01
  8461    398    163.0000    113.2852     4248.9120      389.0140    50.4510    28.6389    2.3446E+00    7.2607E-01    4.8000E-01      3271    709    363    132   1.89    1.9401E-01    5.9004E+01
  8430    396    166.0000    116.0201     4220.9390      561.3240    45.4070    28.4338    2.3821E+00    7.3320E-01    6.0000E-01      3248    692    355    230   1.88    2.2748E-01    5.0351E+01
  8418    396    170.0000    118.5838     4206.3950      589.2220    58.5470    28.7231    2.4163E+00    7.3659E-01    5.8500E-01      3247    707    362    226   1.87    2.1223E-01    6.3081E+01
  8394    396    173.0000    121.8679     4198.1930      358.5800    72.5940    28.6263    2.4632E+00    7.0793E-01    4.3500E-01      3230    669    340    107   1.83    2.1272E-01    5.0799E+01
  8362    396    177.0000    117.6240     4182.5210      626.8300    90.0890    28.6130    2.4081E+00    7.8576E-01    6.7500E-01      3145    629    352    257   1.80    2.7952E-01    5.3440E+01
  8284    391    180.0000    115.9120     4147.1410      407.7460   106.6060    28.7255    2.3909E+00    6.8006E-01    4.5000E-01      3109    666    328    126   1.81    2.2183E-01    3.4771E+01
  8191    387    184.0000    117.9110     4111.7440      255.9100   106.1400    28.6459    2.4274E+00    7.5360E-01    3.7500E-01      3096    597    326     67   1.77    1.9012E-01    5.0935E+01
  8100    384    187.0000    118.5263     4067.1400      316.6060    88.5530    28.6466    2.4429E+00    7.7257E-01    4.5000E-01      3101    558    333     93   1.74    2.3849E-01    4.8916E+01
  8008    382    191.0000    119.4911     4030.5230      494.0200    76.3240    28.2045    2.4652E+00    7.6223E-01    5.4000E-01      3021    602    350    190   1.73    2.4239E-01    4.8305E+01
  7952    381    194.0000    120.8863     4007.6740      334.4060    70.6530    28.4098    2.4898E+00    7.5952E-01    4.5000E-01      3095    583    328    101   1.72    2.4348E-01    5.6398E+01
  7909    379    198.0000    116.4679     3988.2070      402.3020    65.0060    28.4001    2.4325E+00    7.6498E-01    5.1000E-01      3001    608    326    126   1.74    2.3020E-01    6.0209E+01
  7869    376    201.0000    118.3994     3971.2130      322.4980    57.4460    28.3243    2.4631E+00    7.5467E-01    4.8000E-01      3019    574    321    111   1.75    2.7832E-01    1.9135E+01
  7835    376    205.0000    118.0393     3957.3410      548.4140    54.1090    28.2807    2.4614E+00    7.9137E-01    6.3000E-01      2983    572    346    209   1.75    2.2716E-01    5.4936E+01
  7811    375    208.0000    116.0161     3941.2780      301.9520    51.7070    28.2949    2.4343E+00    7.5630E-01    4.0500E-01      2984    598    332     97   1.80    2.0888E-01    5.1172E+01
  7786    375    212.0000    112.2867     3926.8760      496.6060    47.6020    28.2891    2.3834E+00    7.0536E-01    5.2500E-01      2945    641    325    175   1.86    2.2178E-01    5.7811E+01
  7772    374    215.0000    116.9900     3921.3150      117.2660    52.2680    28.1928    2.4509E+00    7.0481E-01    1.8000E-01      3001    613    307     18   1.84    2.0719E-01    6.1109E+01
  7754    374    219.0000    117.9373     3915.4320      256.8560    88.2120    28.1799    2.4662E+00    8.2245E-01    4.3500E-01      2926    564    360     72   1.77    2.6428E-01    5.7860E+01
  7716    370    222.0000    120.9586     3897.9170      249.8600   125.3180    28.1659    2.5116E+00    7.5692E-01    3.9000E-01      2951    580    326     76   1.74    2.3085E-01    3.8626E+01
  7616    367    226.0000    116.5702     3855.0060      372.0260   122.8440    28.1314    2.4601E+00    7.3357E-01    5.2500E-01      2895    564    303    130   1.74    2.5265E-01    4.7445E+01
  7470    359    229.0000    115.0141     3799.0200      305.1120   105.8760    27.8807    2.4539E+00    7.6696E-01    4.9500E-01      2776    575    331     98   1.70    2.7383E-01    5.7329E+01
  7356    356    233.0000    115.3434     3754.3090      360.3660    89.7920    27.8867    2.4709E+00    7.4741E-01    4.8000E-01      2772    545    298    113   1.69    2.2589E-01    5.3137E+01
  7269    351    236.0000    116.4344     3716.0710      465.9000    72.0350    27.6576    2.4953E+00    7.5103E-01    5.5500E-01      2762    527    289    156   1.67    2.7216E-01    3.4910E+01
  7200    349    239.0000    115.2792     3691.3750      128.6640    66.4920    27.5594    2.4870E+00    8.1797E-01    2.8500E-01      2736    516    329     29   1.68    2.5769E-01    5.5628E+01
  7142    348    243.0000    119.2244     3667.1010      486.8200    57.0990    27.6734    2.5499E+00    7.7704E-01    6.0000E-01      2752    529    295    168   1.66    2.9905E-01    6.2562E+01
  7096    345    246.0000    114.5219     3644.4670      164.5740    54.4760    27.6149    2.4866E+00    8.0650E-01    3.0000E-01      2702    552    326     41   1.70    2.2481E-01    3.3170E+01
  7060    343    250.0000    107.6156     3626.6830      427.4820    52.2540    27.3419    2.3888E+00    7.7581E-01    6.0000E-01      2638    545    308    163   1.77    2.5038E-01    1.9314E+01
  7042    342    253.0000    111.8390     3613.1220      378.6640    51.5400    27.4816    2.4515E+00    7.9373E-01    5.8500E-01      2644    520    298    134   1.78    3.1433E-01    2.5225E+01
  7032    340    257.0000    114.1023     3605.2290      454.5900    49.7100    27.0178    2.4847E+00    7.8814E-01    6.1500E-01      2667    510    311    176   1.76    2.2881E-01    3.2520E+01
  7021    341    260.0000    120.5339     3599.8090      316.1560    83.8400    27.4015    2.5783E+00    7.9424E-01    4.9500E-01      2636    533    318    112   1.68    2.5955E-01    4.6471E+01
  6981    339    264.0000    114.5710     3577.0420      316.6600   118.7390    27.4469    2.4955E+00    7.6490E-01    5.1000E-01      2565    540    300    109   1.67    2.8168E-01    2.6901E+01
  6833    334    267.0000    115.7758     3521.2370      158.4280   120.8320    27.2902    2.5313E+00    7.2390E-01    3.6000E-01      2619    542    297     44   1.66    2.5041E-01    5.1208E+01
  6692    329    271.0000    110.2528     3461.2290      162.1280    99.6110    27.0179    2.4659E+00    7.2320E-01    3.0000E-01      2514    523    268     41   1.64    2.0720E-01    5.6351E+01
  6580    323    274.0000    109.6966     3423.7490      209.4480    85.7220    26.8992    2.4728E+00    7.0530E-01    3.7500E-01      2452    527    272     61   1.62    2.4132E-01    6.2168E+01
  6506    320    278.0000    112.1340     3392.5850      166.6720    74.1880    26.9517    2.5182E+00    7.5767E-01    3.6000E-01      2487    477    269     40   1.61    2.4583E-01    5.8458E+01
  6426    317    281.0000    105.1854     3360.2130       75.5440    54.1880    26.6115    2.4228E+00    7.5357E-01    1.3500E-01      2356    489    281      7   1.62    2.2377E-01    4.9064E+01
  6369    315    285.0000    105.5737     3336.6940      362.9740    50.4500    26.3972    2.4356E+00    7.5645E-01    5.2500E-01      2378    488    268    121   1.64    2.7274E-01    5.4676E+01
  6327    313    288.0000    101.5224     3318.0550      146.7420    53.5210    26.6185    2.3776E+00    6.7149E-01    2.7000E-01      2365    522    245     27   1.69    2.3040E-01    6.2741E+01
  6317    314    292.0000     97.9480     3314.8520      121.2340    53.9270    26.6605    2.3229E+00    6.9769E-01    2.7000E-01      2321    536    260     22   1.74    2.5094E-01    5.7748E+01
  6311    313    295.0000    107.6718     3307.6820      114.3540    48.2760    25.8465    2.4737E+00    7.0369E-01    2.1000E-01      2332    510    260     18   1.69    2.1414E-01    6.1758E+01
  6299    312    299.0000    107.4789     3300.9730      539.1140    66.7510    26.4133    2.4719E+00    7.4608E-01    6.7500E-01      2336    476    270    222   1.67    2.8132E-01    5.1856E+01
  6266    312    302.0000    109.4501     3284.8240      488.0960    95.7890    26.5723    2.5055E+00    7.2830E-01    6.1500E-01      2328    506    244    169   1.62    2.5755E-01    5.4049E+01
  6158    310    306.0000    101.3867     3241.5360      279.7780   111.6920    26.5764    2.3945E+00    7.5201E-01    4.6500E-01      2244    438    253     91   1.60    2.6089E-01    5.1954E+01
  6031    306    309.0000    101.1645     3197.3210      201.3100    89.5660    26.3116    2.4091E+00    7.3737E-01    3.3000E-01      2241    461    253     56   1.59    2.2657E-01    5.8080E+01
  5952    306    313.0000    103.5010     3165.5600      198.1580    69.4510    26.2854    2.4567E+00    6.8739E-01    3.4500E-01      2175    469    234     55   1.55    2.1213E-01    4.8329E+01
  5899    301    316.0000    102.9319     3140.6680      250.9300    51.9060    26.1728    2.4539E+00    7.1611E-01    4.0500E-01      2159    463    246     76   1.55    2.4373E-01    5.3485E+01
  5849    301    319.0000    103.1006     3121.1870      260.8440    40.9680    26.1081    2.4637E+00    7.0781E-01    3.7500E-01      2100    468    229     68   1.55    2.0995E-01    5.8030E+01
  5810    298    323.0000    101.1306     3105.3890      405.0880    34.0850    26.0640    2.4375E+00    6.9256E-01    5.4000E-01      2116    468    242    140   1.58    2.3430E-01    3.1005E+01
  5781    298    326.0000     97.4201     3086.8110      391.4180    33.3540    25.3953    2.3797E+00    7.2963E-01    5.7000E-01      2139    477    255    142   1.65    2.3430E-01    5.4744E+01
  5776    297    330.0000     95.7642     3080.2010      266.8780    39.2450    26.0230    2.3521E+00    7.3319E-01    4.5000E-01      2152    493    245     87   1.71    2.1912E-01    2.1810E+01
  5764    296    333.0000    102.1206     3076.0150       85.8180    37.5410    26.0074    2.4570E+00    7.1426E-01    1.8000E-01      2104    458    245     13   1.67    2.3664E-01    5.6670E+01
  5754    295    337.0000    109.1476     3069.6730       90.2500    44.8930    25.9440    2.5692E+00    7.7790E-01    2.2500E-01      2073    394    228     16   1.58    2.5050E-01    5.0247E+01
  5745    295    340.0000    109.4160     3064.4220      251.1560    97.9220    25.9968    2.5743E+00    7.8527E-01    4.2000E-01      2075    404    247     69   1.56    2.6739E-01    3.1787E+01
  5679    292    344.0000    100.4159     3037.4630      294.0780   156.4000    25.9437    2.4403E+00    7.3282E-01    4.6500E-01      2027    425    221     86   1.56    2.2713E-01    5.4847E+01
  5515    287    347.0000     97.5820     2983.4730      109.1380   162.4060    25.8077    2.4207E+00    7.3463E-01    2.1000E-01      1993    379    205     16   1.51    2.4253E-01    5.8583E+01
  5358    279    351.0000     97.1307     2922.3690       98.4580   134.7840    25.6791    2.4371E+00    7.4468E-01    1.2000E-01      1917    368    196     13   1.48    1.7966E-01    6.0480E+01
  5205    274    354.0000     94.5415     2865.5370      257.4020   101.7890    25.5019    2.4183E+00    7.0867E-01    4.2000E-01      1876    411    204     74   1.48    2.3733E-01    5.6503E+01
  5116    269    358.0000     90.6143     2831.8000      250.1900    87.7430    25.3741    2.3651E+00    7.0763E-01    4.3500E-01      1803    400    201     65   1.48    2.4928E-01    5.1731E+01
  5051    263    361.0000     93.2007     2805.6950      295.3760    76.7360    25.3231    2.4203E+00    7.0007E-01    5.1000E-01      1847    394    201     93   1.49    2.4739E-01    4.9452E+01
  4978    260    365.0000     89.0855     2773.5180      285.2220    62.9380    25.1949    2.3593E+00    7.1020E-01    4.6500E-01      1785    415    206     87   1.50    2.5070E-01    5.7398E+01
  4938    258    368.0000     91.4652     2757.8190      326.8140    64.4290    25.1291    2.4078E+00    7.6599E-01    5.5500E-01      1761    361    207    103   1.49    2.6228E-01    5.5296E+01
  4898    256    372.0000     93.9590     2737.0020      504.9680    66.1290    24.9050    2.4567E+00    8.0655E-01    7.9500E-01      1822    354    223    211   1.51    3.1981E-01    3.6849E+01
  4884    255    375.0000     91.2033     2728.5180      580.9500    70.3100    24.9440    2.4100E+00    7.9534E-01    8.4000E-01      1835    342    212    233   1.57    3.0629E-01    3.6041E+01
  4881    254    379.0000     90.5624     2725.5990      450.6680    64.0130    24.6391    2.3987E+00    7.6406E-01    6.9000E-01      1782    381    218    178   1.60    3.0850E-01    3.3478E+01
  4869    254    382.0000    103.3453     2720.6910      405.2280    75.3530    24.9933    2.6215E+00    7.8228E-01    6.7500E-01      1792    359    213    158   1.49    2.9187E-01    2.5987E+01
  4806    253    386.0000     97.1283     2698.5910      397.7280   114.2840    24.9941    2.5275E+00    7.8723E-01    6.7500E-01      1746    334    211    149   1.44    3.1773E-01    3.6469E+01
  4699    249    389.0000     93.6727     2654.4380      260.3040   134.0470    24.8731    2.4858E+00    7.3243E-01    5.4000E-01      1696    348    199     99   1.43    2.5460E-01    3.2154E+01
  4550    239    392.0000     88.0483     2597.7920      512.5880   113.1930    24.7021    2.4127E+00    8.0299E-01    8.1000E-01      1663    349    217    225   1.43    2.9761E-01    1.7054E+01
  4456    231    396.0000     84.7742     2561.4370      350.6320    94.5040    24.3990    2.3699E+00    7.6163E-01    6.0000E-01      1608    373    213    134   1.45    2.6105E-01    2.4866E+01
  4370    227    399.0000     84.9762     2525.0060      304.1220    92.3770    24.3708    2.3891E+00    7.2211E-01    6.0000E-01      1608    370    193    123   1.46    2.6678E-01    2.6960E+01
  4311    224    403.0000     83.7731     2500.7140      392.6800    77.7710    24.3446    2.3774E+00    7.2295E-01    6.6000E-01      1613    364    195    154   1.47    2.7382E-01    2.2218E+01
  4258    220    406.0000     78.7417     2477.3690      410.3360    75.6310    23.9813    2.2904E+00    7.4610E-01    6.9000E-01      1566    385    203    175   1.54    3.0146E-01    2.5057E+01
  4246    220    410.0000     74.0830     2471.7180      378.8720    73.2390    23.3517    2.2011E+00    7.1266E-01    6.3000E-01      1584    398    195    151   1.68    2.7071E-01    3.3549E+01
  4246    220    413.0000     87.1403     2469.5690      350.2100    59.7500    22.3330    2.4520E+00    7.7957E-01    6.4500E-01      1556    329    202    137   1.55    2.9288E-01    2.4916E+01
  4245    220    417.0000     95.4540     2463.9020      424.8760    77.9860    23.4559    2.6039E+00    7.6269E-01    7.0500E-01      1548    333    182    157   1.45    3.2211E-01    2.7541E+01
  4215    221    420.0000     86.2832     2452.1590      453.9960   189.7200    24.1669    2.4404E+00    6.9277E-01    7.0500E-01      1522    374    168    169   1.44    3.4192E-01    2.8844E+01
  4077    218    424.0000     76.1273     2397.6770      369.6880   209.5430    24.0394    2.2714E+00    6.7035E-01    6.1500E-01      1482    375    165    140   1.46    2.4105E-01    3.2297E+01
  3847    207    427.0000     72.5725     2297.3160      263.2700   178.1950    23.7268    2.2428E+00    7.1349E-01    5.2500E-01      1371    340    152     89   1.37    2.7484E-01    3.8187E+01
  3712    201    431.0000     72.6637     2218.4040      356.7320   108.8800    23.5066    2.2647E+00    6.5300E-01    6.0000E-01      1312    333    147    123   1.34    3.0627E-01    2.7963E+01
  3613    196    434.0000     73.9852     2170.3300      203.9360    82.7330    23.2353    2.3111E+00    6.3937E-01    4.2000E-01      1284    376    157     61   1.33    2.3501E-01    4.2171E+01
  3564    194    438.0000     70.0189     2151.5200      262.0680    75.5250    23.1405    2.2388E+00    6.3898E-01    4.8000E-01      1257    336    146     88   1.33    2.6234E-01    2.9703E+01
  3523    194    441.0000     65.1680     2133.3800      315.3280    69.8250    23.0300    2.1424E+00    6.6243E-01    5.7000E-01      1248    379    162    120   1.41    2.8100E-01    3.1128E+01
  3493    195    445.0000     66.1972     2117.0520      307.7820    67.2880    22.5762    2.1700E+00    6.0000E-01    5.1000E-01      1264    381    146    105   1.50    3.0437E-01    2.8224E+01
  3490    194    448.0000     67.8732     2112.7590      295.1000    59.1990    22.9833    2.2060E+00    5.8786E-01    5.1000E-01      1222    380    144    103   1.51    2.7204E-01    2.7725E+01
  3483    194    452.0000     72.3560     2110.4470      159.2120    76.3880    22.8345    2.3039E+00    6.2119E-01    3.6000E-01      1239    368    150     48   1.45    2.2464E-01    3.7646E+01
  3451    194    455.0000     71.3542     2098.2770      257.9720   119.7810    22.8937    2.2903E+00    6.0718E-01    4.9500E-01      1221    342    133     80   1.41    2.7908E-01    3.6159E+01
  3338    188    459.0000     67.1380     2047.2300      227.7600   135.9220    22.8293    2.2233E+00    5.4342E-01    4.0500E-01      1174    340    123     70   1.38    2.3416E-01    3.5274E+01
  3181    179    462.0000     62.8854     1982.7650      222.2880   110.9110    22.5713    2.1649E+00    5.4836E-01    3.9000E-01      1110    337    111     66   1.34    2.4762E-01    3.6835E+01
  3074    171    466.0000     61.2886     1936.7450      197.8340    90.0420    22.3773    2.1533E+00    5.3723E-01    3.9000E-01      1088    349    120     58   1.32    2.5151E-01    4.0669E+01
  3000    167    469.0000     62.8085     1907.5090      237.1820    78.6250    22.1773    2.2083E+00    5.2074E-01    3.7500E-01      1040    324    124     66   1.29    2.4333E-01    3.7341E+01
  2940    166    472.0000     57.7564     1882.1460      142.3160    74.9380    22.1228    2.1031E+00    5.7794E-01    2.8500E-01      1040    301    115     38   1.32    2.1534E-01    3.7154E+01
  2882    163    476.0000     59.5655     1854.1740      118.1660    66.3420    22.0502    2.1606E+00    5.2520E-01    2.5500E-01      1025    305    103     33   1.30    1.7709E-01    3.9068E+01
  2838    159    479.0000     56.4854     1838.8240      155.9840    67.8450    21.9967    2.0981E+00    4.9813E-01    3.0000E-01      1007    340    107     42   1.33    1.9667E-01    3.6582E+01
  2790    158    483.0000     56.4317     1812.8240       81.4260    64.1690    21.6351    2.1073E+00    5.3428E-01    2.2500E-01       991    340    119     23   1.35    1.8265E-01    3.6928E+01
  2762    156    486.0000     58.7493     1793.4050      127.3140    65.4600    21.7567    2.1693E+00    5.6246E-01    3.3000E-01       977    337    113     38   1.35    2.4823E-01    3.5243E+01
  2754    155    490.0000     52.8892     1788.0210      269.6500    53.2890    21.4476    2.0238E+00    5.6881E-01    5.2500E-01       982    317    119     94   1.42    3.0724E-01    3.0126E+01
  2751    155    493.0000     61.1828     1784.3510      234.3980    61.5140    21.5820    2.2301E+00    5.8800E-01    4.6500E-01       973    302    113     72   1.35    2.8016E-01    2.9180E+01
  2731    155    497.0000     60.5653     1767.7930      214.5080    85.0310    21.5914    2.2174E+00    5.9679E-01    4.6500E-01       961    292    122     75   1.31    2.6540E-01    2.8814E+01
  2637    149    500.0000     54.4715     1726.3740      173.3900   100.6400    21.5630    2.0912E+00    5.2835E-01    3.9000E-01       917    288    106     51   1.27    2.6268E-01    3.8660E+01
  2530    144    504.0000     52.8040     1680.0670      226.4040    98.8550    21.3559    2.0784E+00    5.1639E-01    4.2000E-01       897    288    105     71   1.21    2.6872E-01    3.3896E+01
  2438    142    507.0000     46.9643     1649.0060      253.8340    84.9100    21.0545    1.9510E+00    5.3609E-01    4.6500E-01       879    324    111     87   1.22    2.9048E-01    3.0001E+01
  2383    140    511.0000     49.2625     1625.0390      121.5160    74.2250    21.0653    2.0306E+00    5.3977E-01    3.3000E-01       851    326    111     40   1.23    2.4985E-01    3.1368E+01
  2336    137    514.0000     47.7477     1599.8270      247.8540    64.5790    20.9182    2.0010E+00    4.9174E-01    4.3500E-01       821    324    100     82   1.27    2.5269E-01    2.6494E+01
  2289    135    518.0000     48.9132     1576.9920      147.1200    61.1860    20.7459    2.0472E+00    4.5879E-01    3.1500E-01       821    315     99     45   1.34    2.3744E-01    3.7280E+01
  2256    134    521.0000     43.8665     1561.0190      127.6680    65.1040    20.7724    1.9132E+00    4.6047E-01    3.3000E-01       782    302     95     38   1.41    2.4943E-01    3.9871E+01
  2251    134    525.0000     41.9962     1557.3620      156.7320    50.5450    20.0803    1.8593E+00    4.8831E-01    3.1500E-01       796    297    102     52   1.42    2.2108E-01    3.5255E+01
  2251    134    528.0000     49.3192     1557.3490       80.8920    40.2120    16.6397    2.0696E+00    4.2660E-01    1.9500E-01       785    272     90     20   1.40    1.9042E-01    4.0446E+01
  2248    133    532.0000     48.2230     1553.0340       85.4780    64.5780    19.9603    2.0385E+00    4.4177E-01    2.2500E-01       789    270     86     23   1.38    1.9687E-01    3.5846E+01
  2203    134    535.0000     47.0485     1536.5160       59.0680   126.7520    20.7048    2.0212E+00    4.3466E-01    1.5000E-01       765    280     88     15   1.32    1.8183E-01    3.9246E+01
  2075    127    539.0000     40.5436     1477.7930      108.9000   148.3810    20.4897    1.8692E+00    4.8870E-01    3.1500E-01       738    256     80     31   1.24    2.5071E-01    3.8234E+01
  1925    121    542.0000     41.7836     1406.2400      129.5100    98.5740    20.1380    1.9573E+00    5.1574E-01    3.3000E-01       689    259     89     38   1.16    2.4963E-01    3.5117E+01
  1844    117    546.0000     36.3714     1359.5310      126.7040    67.0510    19.8169    1.8079E+00    4.1509E-01    2.7000E-01       670    283     83     33   1.21    2.0917E-01    3.8430E+01
  1794    114    549.0000     36.3781     1332.9310      103.0760    59.8640    19.4957    1.8244E+00    4.3759E-01    2.7000E-01       638    278     75     28   1.18    2.0057E-01    3.8573E+01
  1759    113    552.0000     34.5142     1318.0260      211.3740    58.1510    19.5377    1.7746E+00    4.4046E-01    3.9000E-01       639    278     76     60   1.23    2.4213E-01    3.4163E+01
  1744    112    556.0000     31.1651     1309.9140      236.0160    58.0810    19.1813    1.6625E+00    4.6744E-01    4.5000E-01       624    307     84     76   1.38    2.4997E-01    2.7850E+01
  1727    111    559.0000     36.1720     1299.6730      198.4260    52.7100    18.8010    1.8414E+00    4.4154E-01    3.9000E-01       614    285     79     61   1.38    2.3409E-01    3.0418E+01
  1708    110    563.0000     36.9227     1288.1370      141.9060    60.0060    19.2925    1.8729E+00    4.3743E-01    2.8500E-01       617    270     75     41   1.31    2.1819E-01    3.2475E+01
  1669    108    566.0000     36.4624     1271.9970       83.5060    94.7400    19.2753    1.8738E+00    4.1807E-01    2.5500E-01       598    251     71     23   1.26    2.4263E-01    3.8174E+01
  1590    101    570.0000     33.2230     1230.0630      161.4740   106.8510    19.1742    1.7898E+00    4.1020E-01    3.3000E-01       578    262     66     42   1.22    2.5617E-01    4.0475E+01
  1507     99    573.0000     31.2537     1178.6790       75.4460    87.7690    18.9729    1.7460E+00    3.3538E-01    1.9500E-01       542    257     64     21   1.17    1.8863E-01    3.6866E+01
  1437     93    577.0000     29.3250     1141.3780      115.8480    77.4210    18.6490    1.7004E+00    3.9069E-01    2.5500E-01       518    244     63     32   1.12    1.9922E-01    3.3483E+01
  1391     90    580.0000     26.1050     1118.7120       57.5980    64.0950    18.6518    1.5919E+00    3.6920E-01    1.3500E-01       498    255     55     14   1.12    1.5566E-01    3.9763E+01
  1342     90    584.0000     29.1342     1091.9740       63.3280    46.7930    18.3267    1.7335E+00    3.4310E-01    1.6500E-01       491    242     55     15   1.07    1.9409E-01    3.9242E+01
  1315     88    587.0000     27.3764     1077.9830       48.8100    42.3680    18.3416    1.6749E+00    3.5383E-01    1.3500E-01       475    237     61     12   1.11    1.7087E-01    3.8073E+01
  1293     88    591.0000     26.0778     1070.2030       25.9200    43.8320    17.9623    1.6330E+00    3.0674E-01    7.5000E-02       469    238     57      5   1.12    1.8875E-01    4.4051E+01
  1286     86    594.0000     24.4942     1063.5180       75.6540    45.1820    17.7910    1.5677E+00    2.7182E-01    1.5000E-01       469    258     57     19   1.21    1.5662E-01    3.9736E+01
  1283     86    598.0000     25.9727     1060.5620      145.6900    38.7350    17.6589    1.6308E+00    3.1866E-01    2.7000E-01       471    266     57     37   1.24    2.1185E-01    4.0212E+01
  1280     86    601.0000     27.7305     1058.9660       51.8980    38.9770    18.1444    1.7049E+00    3.3112E-01    1.2000E-01       464    254     58     12   1.18    1.9624E-01    3.9015E+01
  1275     86    605.0000     29.0142     1057.5870       24.7860    47.0810    18.1743    1.7602E+00    3.4368E-01    6.0000E-02       457    236     55      5   1.13    1.4882E-01    3.9994E+01
  1249     85    608.0000     27.8063     1041.0560      139.4640    70.5550    18.1789    1.7218E+00    3.7066E-01    2.7000E-01       446    213     53     36   1.12    2.0289E-01    3.6620E+01
  1209     82    612.0000     29.2614     1019.5390       91.1680    77.1670    18.0790    1.8015E+00    3.0605E-01    1.6500E-01       453    219     50     22   1.09    1.5672E-01    4.1514E+01
  1157     83    615.0000     27.1614      993.1360       39.1760    68.0610    17.8091    1.7415E+00    3.3095E-01    7.5000E-02       420    207     50      9   1.07    1.3127E-01    4.5898E+01
  1116     81    619.0000     23.8668      967.9890       89.0880    61.4140    17.6610    1.6163E+00    3.4547E-01    1.9500E-01       412    215     52     22   1.07    1.7225E-01    3.9679E+01
  1078     79    622.0000     25.4207      943.0380       47.9380    55.4720    17.4202    1.7037E+00    3.7758E-01    9.0000E-02       400    205     52     10   1.10    1.6383E-01    3.9931E+01
  1054     76    626.0000     21.7476      927.6650      120.1200    57.8340    69.0074    1.5462E+00    3.5990E-01    3.0000E-01       388    225     53     33   1.16    2.7044E-01    4.1503E+01
  1040     75    629.0000     21.3933      918.1770       57.7700    55.0910    16.9906    1.5355E+00    2.8265E-01    1.2000E-01       385    208     43     15   1.24    1.6593E-01    3.9154E+01
  1039     75    632.0000     22.7269      916.0330       59.6540    52.3290    16.0430    1.5983E+00    3.4493E-01    1.5000E-01       402    213     47     13   1.29    2.1463E-01    4.3124E+01
  1038     76    636.0000     27.4648      912.9130       80.5760    38.7170    15.1490    1.8122E+00    5.0569E-01    3.3000E-01       396    184     49     21   1.28    2.8817E-01    3.9150E+01
  1037     76    639.0000     25.7368      911.9520      122.7380    86.2670    17.1581    1.7357E+00    4.4527E-01    3.6000E-01       383    188     46     34   1.27    2.9325E-01    4.0308E+01
   988     74    643.0000     20.3124      875.3250      129.5260   138.5710    17.2243    1.5021E+00    4.2967E-01    4.0500E-01       367    182     46     40   1.22    3.0217E-01    3.1902E+01
   852     67    646.0000     17.2121      788.8380      143.4660    72.3220    16.5962    1.4103E+00    3.8990E-01    3.9000E-01       315    177     42     42   1.06    2.8104E-01    3.4601E+01
   800     63    650.0000     17.3588      752.9500      116.2420    44.4780    16.3121    1.4458E+00    4.0393E-01    3.7500E-01       297    171     41     36   1.02    3.0897E-01    3.4489E+01
   780     62    653.0000     15.9436      737.6470      129.3260    41.2350    16.0034    1.3758E+00    3.8396E-01    3.6000E-01       279    181     42     39   1.07    2.7349E-01    3.3790E+01
   757     60    657.0000     16.9169      722.3900      124.2900    31.8040    15.7770    1.4449E+00    3.6800E-01    3.4500E-01       285    182     38     34   1.09    2.9119E-01    3.6331E+01
   748     59    660.0000     14.6038      717.0780       84.7340    32.1470    14.6374    1.3154E+00    3.6946E-01    2.7000E-01       281    186     44     26   1.25    2.4990E-01    3.4312E+01
   748     59    664.0000     18.2259      715.4110      135.2760    15.6270    11.6050    1.5236E+00    3.7275E-01    3.4500E-01       277    163     40     38   1.19    2.8208E-01    3.7764E+01
   747     59    667.0000     18.5161      714.5930      101.0260    33.6490    12.2227    1.5403E+00    3.2893E-01    2.7000E-01       275    159     35     25   1.10    2.4359E-01    4.0914E+01
   739     59    671.0000     14.3457      709.3350       92.1400    77.4210    15.8390    1.3038E+00    3.2758E-01    2.5500E-01       262    175     35     24   1.09    2.4426E-01    3.6872E+01
   694     53    674.0000     15.7654      674.0440       38.3320    88.2070    15.7390    1.4130E+00    3.0414E-01    1.2000E-01       266    163     34      8   1.03    2.2353E-01    3.7408E+01
   643     51    678.0000     11.4679      639.1940       78.5100    90.0370    15.3330    1.1707E+00    3.3926E-01    2.7000E-01       228    169     34     23   1.04    2.5694E-01    3.2412E+01
   594     50    681.0000     10.9093      608.0770       78.7440    63.3940    15.0417    1.1629E+00    3.6047E-01    3.1500E-01       221    154     34     24   0.97    2.8962E-01    3.4742E+01
   568     49    685.0000     11.9915      592.0220       36.5380    53.6500    14.8631    1.2579E+00    3.4008E-01    7.5000E-02       215    150     27      8   0.96    2.5411E-01    4.3663E+01
   547     48    688.0000     12.6574      574.6760       56.0260    43.2990    14.9257    1.3179E+00    3.1766E-01    1.9500E-01       201    135     29     13   1.01    2.4343E-01    3.8783E+01
   526     46    692.0000     11.9612      550.1870       59.4760    33.8270    14.4054    1.2776E+00    2.8807E-01    1.8000E-01       202    139     25     15   0.92    2.3569E-01    4.2406E+01
   523     46    695.0000     10.9653      548.3070       38.0820    30.7710    14.1387    1.2081E+00    3.1389E-01    1.0500E-01       195    147     30      7   1.01    2.2164E-01    3.9515E+01
   519     45    699.0000     12.8794      546.6150       69.6940    26.2390    12.5189    1.3491E+00    2.6057E-01    2.1000E-01       199    131     29     18   1.01    2.1153E-01    3.8979E+01
   519     45    702.0000     12.0101      546.2620       49.2620    39.4870    14.2524    1.2874E+00    3.3855E-01    1.9500E-01       194    139     30     14   0.99    2.4464E-01    3.4023E+01
   502     44    705.0000     12.2238      529.2940       74.9980    56.5540    14.2679    1.3124E+00    3.3261E-01    2.2500E-01       186    121     29     19   0.95    2.4832E-01    3.8899E+01
   465     40    709.0000     10.6606      496.8670       27.2880    42.9390    14.1128    1.2225E+00    2.6285E-01    1.3500E-01       176    124     26      6   0.92    2.2148E-01    3.7004E+01
   434     38    712.0000     11.1352      475.7260       69.8700    38.6330    13.9885    1.2874E+00    2.8185E-01    2.4000E-01       172    116     21     17   0.85    2.7567E-01    4.2475E+01
   411     37    716.0000     11.2570      460.8670       61.2220    31.5090    13.6974    1.3212E+00    3.2620E-01    2.5500E-01       168    115     21     14   0.87    3.2470E-01    4.2596E+01
   395     36    719.0000     10.1698      448.4150       38.1260    37.5700    13.7555    1.2497E+00    2.0907E-01    1.5000E-01       162    116     22     11   0.86    2.0176E-01    3.8058E+01
   380     34    723.0000      9.1549      438.9230       70.5440    35.1080    13.6656    1.1811E+00    3.1126E-01    2.8500E-01       156    113     23     19   0.86    2.9443E-01    3.5888E+01
   365     33    726.0000      9.2128      425.0040       49.8080    28.0350    12.5118    1.1988E+00    2.4042E-01    1.9500E-01       143    110     17     10   0.84    2.6063E-01    4.6242E+01
   363     33    730.0000      9.0528      423.6080       34.2260    31.4480    13.3933    1.1871E+00    2.8606E-01    1.2000E-01       144    102     18      6   0.89    3.2200E-01    4.4798E+01
   362     32    733.0000      9.9175      421.1060       55.2440    31.1720    13.4478    1.2609E+00    4.2054E-01    3.0000E-01       148     96     21     15   0.89    3.9151E-01    3.7580E+01
   355     30    737.0000     10.1431      409.5250       83.9200    32.8850    13.3638    1.2813E+00    3.9423E-01    4.0500E-01       142    103     24     25   0.86    3.6371E-01    3.4369E+01
   341     30    740.0000     10.8977      398.9390       32.6200    41.6640    13.1817    1.3612E+00    2.9308E-01    1.9500E-01       141     86     20      8   0.81    2.9308E-01    3.6681E+01
   315     29    744.0000      9.7981      376.6630       34.2500    27.9810    12.6144    1.2974E+00    2.3129E-01    1.5000E-01       134     95     19      9   0.75    2.3234E-01    3.9053E+01
   303     28    747.0000      9.8986      367.2680       52.8040    25.7150    11.9584    1.3222E+00    2.5934E-01    1.8000E-01       128     85     17     12   0.80    2.9726E-01    4.0447E+01
   294     28    751.0000      9.8929      359.6000       26.8040    25.6730    12.4589    1.3334E+00    2.0467E-01    1.2000E-01       124     84     18      6   0.78    2.4382E-01    3.8432E+01
   276     26    754.0000      9.3646      341.8890       23.1900    14.4740    11.9729    1.3068E+00    2.7329E-01    9.0000E-02       118     82     18      6   0.82    3.0713E-01    3.6633E+01
   273     27    758.0000      7.5693      340.4730       35.5460    17.4180    11.9243    1.1388E+00    3.3050E-01    2.2500E-01       115     94     19      9   0.93    3.3623E-01    3.5511E+01
   274     26    761.0000      8.6933      338.9430        7.0240     4.3100     8.8033    1.2447E+00    2.6392E-01    4.5000E-02       112     90     18      2   0.98    2.8142E-01    3.6416E+01
   273     27    765.0000     11.8110      338.9350       33.7680    13.6880     9.5262    1.5298E+00    2.8163E-01    1.5000E-01       116     78     19      9   0.88    2.9021E-01    3.4732E+01
   272     27    768.0000      8.5711      338.5600       50.9780    59.2270    11.8905    1.2373E+00    2.5999E-01    2.5500E-01       113     72     16     14   0.83    2.8322E-01    3.7986E+01
   237     23    772.0000      7.0690      303.2480       44.3880    46.8840    11.8861    1.1272E+00    2.2714E-01    2.1000E-01       102     76     12     10   0.73    2.7845E-01    3.9665E+01
   212     23    775.0000      5.2596      278.7820       38.0980    36.9230    11.7823    9.5346E-01    2.3252E-01    1.6500E-01        90     76     15     11   0.71    2.9688E-01    3.4132E+01
   199     21    779.0000      5.6895      264.9090       19.2760    29.4180    11.5981    1.0205E+00    2.0108E-01    1.5000E-01        88     74     13      6   0.74    2.6673E-01    3.7497E+01
   190     21    782.0000      5.2810      257.2910       24.6940    23.1230    11.4346    9.8481E-01    2.1828E-01    1.5000E-01        81     73     13      7   0.75    2.9139E-01    3.8409E+01
   183     21    785.0000      5.7144      246.4570       65.6480    14.0660    11.0337    1.0431E+00    2.7462E-01    3.3000E-01        74     66     12     17   0.74    3.5618E-01    3.7283E+01
   179     21    789.0000      4.1711      243.5990       21.8580    12.0270     9.7916    8.5189E-01    2.3578E-01    1.3500E-01        74     84     15      8   0.90    2.6925E-01    3.2066E+01
   179     21    792.0000      6.3596      243.5940       20.8020     6.7920     7.1404    1.1285E+00    3.1024E-01    1.5000E-01        75     67     12      5   0.79    3.5975E-01    3.7789E+01
   179     21    796.0000      5.6229      243.5900       44.5220    16.7160     9.8702    1.0396E+00    3.1032E-01    3.0000E-01        75     66     13     12   0.74    4.7401E-01    3.8546E+01
   175     21    799.0000      4.3376      240.4150       53.1360    43.0990    11.0716    8.8068E-01    2.9597E-01    3.9000E-01        73     66     10     14   0.73    4.5354E-01    3.6914E+01
   161     19    803.0000      3.0384      226.7030       39.7580    43.2150    10.9460    7.1063E-01    1.8544E-01    1.9500E-01        68     66      9      9   0.74    2.7063E-01    3.9821E+01
   142     17    806.0000      3.9362      207.5420       25.5140    31.8650    10.0779    8.7359E-01    1.5751E-01    1.3500E-01        61     55      9      6   0.63    2.9485E-01    3.8906E+01
   130     14    810.0000      4.5801      189.4080       37.6860    13.7400    10.3583    9.7973E-01    1.3204E-01    1.3500E-01        56     52      8      8   0.60    3.3967E-01    3.7997E+01
   120     14    813.0000      4.3499      179.3480       22.8200     7.4590     9.6198    9.6722E-01    8.8194E-02    7.5000E-02        53     52      8      5   0.68    2.1338E-01    3.9705E+01
   119     13    817.0000      5.2956      176.9930       15.1480     8.9710     9.8916    1.1025E+00    1.9013E-01    1.5000E-02        52     46      8      3   0.66    4.8639E-01    3.4772E+01
   117     14    820.0000      4.7725      175.5020       24.6540    12.0360     9.4245    1.0343E+00    1.1484E-01    9.0000E-02        54     47      6      4   0.70    3.7245E-01    3.7819E+01
   116     14    824.0000      6.5532      174.9090       26.6200    19.1320    10.0369    1.2818E+00    3.8937E-01    3.6000E-01        53     34      7      5   0.64    6.1620E-01    3.7017E+01
   113     12    827.0000      7.9781      168.6460       63.3960    22.4780     8.2287    1.4625E+00    5.7497E-01    7.5000E-01        53     26     10     18   0.62    8.1819E-01    3.4631E+01
   110     12    831.0000      8.3509      164.5350       51.4120    31.2380     9.4269    1.5153E+00    6.2960E-01    8.5500E-01        53     24      7     14   0.59    9.0983E-01    3.3404E+01
    98     11    834.0000      7.0136      151.1180       34.6500    23.8210     9.4170    1.3871E+00    6.0359E-01    7.2000E-01        45     18      8     10   0.53    1.0692E+00    3.5518E+01
