 10027    473      0.0000     38.1705     6275.7010      730.8160     0.0000     9.4807    1.1706E+00    4.7824E-01    3.6000E-01      4793   3917    946    476   2.90    1.1995E-01    5.7380E+00
 10011    484      3.0000     37.9212     6263.2560     1880.6800     0.0000    14.8805    1.1658E+00    4.6820E-01    5.5500E-01      4438   3614    753   1123   3.00    1.2164E-01    2.5852E+01
 10011    483      6.0000     50.1319     6072.9930      969.1320    47.0750    83.3762    1.3899E+00    5.0789E-01    4.6500E-01      4610   2797    652    509   2.88    1.5878E-01    1.4429E+01
  9999    485     10.0000     57.1413     5806.8430     1492.3600    44.9700    66.8883    1.4951E+00    5.8043E-01    6.6000E-01      4600   2413    690    952   2.87    1.8802E-01    1.5086E+01
  9997    480     13.0000     63.2634     5685.3670     1482.3200     6.2290    81.2943    1.5891E+00    6.2650E-01    6.9000E-01      4476   2010    684    880   2.54    1.7335E-01    3.1242E+01
  9994    479     17.0000     63.9479     5639.0800      859.7080    11.4290    78.7460    1.5964E+00    6.2355E-01    5.5500E-01      4339   1952    663    495   2.48    1.7722E-01    4.3786E+01
  9992    476     20.0000     68.2867     5599.4710      911.6680    17.6480    76.3214    1.6641E+00    6.3602E-01    5.7000E-01      4365   1852    653    496   2.44    1.7970E-01    1.7345E+01
  9988    475     24.0000     68.6375     5542.6050     1359.0100    19.0060    79.5558    1.6645E+00    6.3149E-01    6.9000E-01      4293   1753    603    761   2.43    2.0313E-01    2.1064E+01
  9973    472     27.0000     72.8628     5499.7580      899.8800    11.8280    75.4164    1.7292E+00    6.2451E-01    5.5500E-01      4218   1624    570    422   2.45    1.9340E-01    3.2911E+01
  9961    475     31.0000     78.2921     5456.0600      967.9420    10.3730    79.6681    1.8105E+00    6.4293E-01    6.0000E-01      4227   1483    530    450   2.29    1.7307E-01    3.5262E+01
  9957    472     34.0000     80.3354     5404.7560      949.8060    22.4190    75.6518    1.8366E+00    6.5136E-01    6.1500E-01      4197   1481    557    479   2.42    1.9980E-01    3.3974E+01
  9939    474     38.0000     83.3375     5327.4050     1142.8120    16.0000    77.1022    1.8750E+00    6.8880E-01    7.0500E-01      4191   1386    590    625   2.39    2.2600E-01    3.5500E+01
  9932    472     41.0000     85.2930     5292.9160      974.0300    25.7740    77.3057    1.9009E+00    6.7290E-01    6.6000E-01      4241   1356    533    498   2.33    2.0843E-01    3.0692E+01
  9921    469     45.0000     93.8079     5266.0650      944.1920    27.8880    78.3059    2.0233E+00    6.7558E-01    6.4500E-01      4197   1223    503    455   2.30    1.8662E-01    3.0443E+01
  9908    469     48.0000     92.8229     5239.1330      756.5360    24.4910    77.7506    2.0072E+00    6.8829E-01    5.8500E-01      4147   1189    502    332   2.20    2.0698E-01    2.7875E+01
  9898    466     51.0000     93.5534     5191.6990      935.7200    28.8770    76.9189    2.0128E+00    7.1683E-01    6.7500E-01      4153   1212    554    498   2.70    2.0791E-01    2.7110E+01
  9893    466     55.0000     99.6958     5184.9910     1046.8360    21.4010    76.6599    2.0997E+00    7.4306E-01    7.5000E-01      4124   1105    551    566   2.24    2.2955E-01    2.0930E+01
  9887    467     58.0000    104.9466     5171.9130      927.5000    21.1360    78.1491    2.1717E+00    7.5405E-01    7.0500E-01      4053   1027    521    460   2.10    2.4098E-01    2.9135E+01
  9878    467     62.0000    107.0176     5149.6030      865.6560    15.9770    76.2705    2.1982E+00    7.4482E-01    6.9000E-01      4068   1014    499    410   2.05    2.3769E-01    5.2591E+01
  9875    463     65.0000    105.8189     5120.2710      937.6300    27.4610    75.1180    2.1780E+00    7.3545E-01    7.0500E-01      3994   1005    503    457   2.05    2.2684E-01    1.6829E+01
  9864    462     69.0000    110.0561     5108.2370      866.2480    62.3740    78.4059    2.2354E+00    7.3286E-01    6.6000E-01      4047    955    485    392   2.01    2.3726E-01    2.8527E+01
  9846    463     72.0000    108.2469     5076.3820      997.3700    95.8560    78.2087    2.2086E+00    7.7813E-01    7.8000E-01      3986    956    497    500   1.99    2.5798E-01    3.4742E+01
  9820    461     76.0000    110.6096     5037.5500      717.7180   116.2600    77.9643    2.2384E+00    7.3150E-01    6.1500E-01      3924    927    463    300   1.98    2.0249E-01    3.9878E+01
  9777    458     79.0000    112.3542     5003.8470      771.2040   131.2450    77.6293    2.2626E+00    7.2113E-01    6.4500E-01      3935    922    432    338   1.98    1.9221E-01    1.9429E+01
  9724    453     83.0000    109.5753     4964.9230      972.8080   123.6950    77.3751    2.2265E+00    6.8605E-01    6.9000E-01      3865    883    394    397   1.97    2.1709E-01    5.0337E+01
  9685    450     86.0000    112.4184     4939.2090      717.1020   121.5700    77.3162    2.2662E+00    7.4653E-01    6.6000E-01      3802    883    456    353   1.94    1.8786E-01    1.5293E+01
  9652    450     90.0000    113.2487     4922.0090      818.6240   115.7240    77.2598    2.2793E+00    7.1482E-01    6.3000E-01      3815    904    442    334   1.93    2.0361E-01    2.9190E+01
  9633    450     93.0000    116.8810     4899.7430      963.8140   113.2870    77.3450    2.3269E+00    7.3114E-01    7.3500E-01      3806    880    442    447   1.89    2.3084E-01    1.8945E+01
  9595    448     96.0000    113.6044     4871.8940      550.6480   101.3720    76.6891    2.2842E+00    6.7418E-01    5.1000E-01      3785    915    384    187   1.92    1.9810E-01    4.1005E+01
  9576    448    100.0000    121.3126     4841.1350      760.7180   102.5400    75.0309    2.3841E+00    7.0674E-01    6.4500E-01      3800    842    409    313   1.85    2.0956E-01    4.0646E+01
  9561    448    103.0000    119.1413     4830.2880      804.1000   102.3480    76.1156    2.3560E+00    7.5697E-01    6.7500E-01      3816    816    448    344   1.89    2.1967E-01    3.0662E+01
  9544    447    107.0000    119.4940     4803.8980      861.4780    99.6710    75.4958    2.3588E+00    7.3844E-01    7.0500E-01      3760    867    463    412   1.87    2.4446E-01    3.5959E+01
  9524    445    110.0000    121.4928     4782.1160      839.0640    94.4290    76.6230    2.3843E+00    7.2655E-01    6.7500E-01      3776    837    420    366   1.85    2.3716E-01    2.0639E+01
  9509    444    114.0000    128.0037     4769.5460      635.3860    87.6970    70.7754    2.4689E+00    7.1238E-01    5.7000E-01      3775    819    389    241   1.85    2.2171E-01    2.9416E+01
  9504    442    117.0000    127.0815     4759.5410      771.8340    70.3230    75.2091    2.4560E+00    7.3814E-01    6.7500E-01      3786    773    401    327   1.85    2.3774E-01    2.4871E+01
  9492    441    121.0000    125.9863     4741.9070      810.8740    54.8940    75.0246    2.4407E+00    7.2058E-01    6.4500E-01      3762    839    406    322   1.86    2.0832E-01    3.7650E+01
  9483    439    124.0000    134.4179     4717.7110      766.3320    46.5190    75.4681    2.5455E+00    7.7955E-01    6.9000E-01      3751    718    392    297   1.79    2.5221E-01    2.7007E+01
  9473    437    128.0000    135.9135     4696.3330      585.3740    37.7730    74.8489    2.5620E+00    8.0823E-01    6.4500E-01      3808    705    443    261   1.78    2.3920E-01    2.6622E+01
  9464    436    131.0000    138.5737     4679.5080      676.8760    36.9050    75.9178    2.5937E+00    7.7035E-01    6.4500E-01      3808    738    431    284   1.76    2.2692E-01    2.7301E+01
  9455    436    135.0000    135.4550     4673.1690      542.0180    39.2910    71.0558    2.5549E+00    7.5600E-01    5.7000E-01      3677    719    409    207   1.77    2.2784E-01    3.5204E+01
  9451    436    138.0000    134.7933     4665.0000      596.8860    40.3900    74.9529    2.5457E+00    7.3918E-01    5.7000E-01      3710    730    388    222   1.79    2.1588E-01    3.1992E+01
  9443    436    142.0000    142.6146     4654.8940      405.6420    45.7820    74.2110    2.6427E+00    7.7869E-01    4.9500E-01      3748    681    401    149   1.75    2.2965E-01    2.7693E+01
  9434    436    145.0000    142.0736     4631.2160      482.9080    58.0510    75.0249    2.6330E+00    7.8136E-01    5.5500E-01      3757    673    403    191   1.77    2.1488E-01    4.7373E+01
  9419    435    148.0000    142.5279     4619.1200      592.5860    65.1660    75.5731    2.6387E+00    7.4463E-01    6.0000E-01      3728    681    386    226   1.81    2.0680E-01    1.9967E+01
  9400    435    152.0000    140.7025     4603.3010      671.9980    78.4860    75.6203    2.6163E+00    7.7502E-01    6.4500E-01      3672    661    401    266   1.95    2.6198E-01    3.9392E+01
  9369    434    155.0000    130.4141     4585.1920      581.4740    68.0380    75.3033    2.4887E+00    7.2048E-01    5.4000E-01      3621    751    381    213   2.46    2.0239E-01    4.1806E+01
  9371    430    159.0000    150.6993     4574.8020      548.1420    45.0530    63.9937    2.7380E+00    7.8552E-01    5.7000E-01      3637    640    390    188   2.22    2.1504E-01    3.3454E+01
  9369    431    162.0000    167.6568     4568.0170      517.0480    29.2340    75.4300    2.9387E+00    7.8851E-01    5.7000E-01      3613    638    380    184   2.02    2.2230E-01    3.0685E+01
  9357    430    166.0000    166.9158     4554.8580      549.0460    57.1830    73.9949    2.9294E+00    7.8139E-01    6.3000E-01      3622    639    389    227   1.92    2.5000E-01    4.9891E+01
  9332    428    169.0000    166.5840     4533.5450      395.5780    94.8410    75.0118    2.9255E+00    8.2872E-01    5.4000E-01      3567    560    381    130   1.86    2.4674E-01    4.2751E+01
  9297    426    173.0000    156.7409     4514.8490      565.1180   179.4410    74.7009    2.8114E+00    7.4438E-01    5.7000E-01      3557    652    363    204   1.89    2.1103E-01    4.0554E+01
  9237    425    176.0000    150.8305     4492.6250      543.3540   304.1050    75.0865    2.7462E+00    7.2440E-01    5.7000E-01      3377    589    317    179   1.87    2.4175E-01    5.3602E+01
  9113    420    180.0000    144.5139     4448.1740      600.9080   367.7080    74.9577    2.6813E+00    7.7333E-01    6.3000E-01      3287    581    333    228   1.83    2.3415E-01    4.5614E+01
  8904    415    183.0000    139.2839     4353.5910      136.0500   376.9140    74.4792    2.6330E+00    7.4337E-01    2.5500E-01      3213    569    316     35   1.78    1.9025E-01    4.2412E+01
  8695    399    187.0000    137.5622     4273.3780      546.6460   346.1380    73.8689    2.6315E+00    7.3225E-01    5.8500E-01      3068    593    322    196   1.68    2.7865E-01    4.2538E+01
  8482    388    190.0000    134.1058     4174.0190      559.8320   300.1240    73.4152    2.6045E+00    6.9930E-01    5.8500E-01      3040    577    294    204   1.66    2.4143E-01    5.2864E+01
  8309    382    193.0000    133.5510     4106.6510      374.1700   272.8580    72.9856    2.6146E+00    7.1952E-01    5.1000E-01      2968    569    297    122   1.63    2.1464E-01    4.7358E+01
  8167    375    197.0000    132.3861     4042.0260      279.3140   233.6780    72.5895    2.6118E+00    7.3394E-01    3.9000E-01      2912    585    319     82   1.62    2.2320E-01    5.4788E+01
  8038    370    200.0000    134.1452     3973.6780      548.2980   186.2170    72.2039    2.6444E+00    7.1212E-01    6.0000E-01      2912    544    277    183   1.58    2.4973E-01    3.1047E+01
  7949    368    204.0000    135.9136     3934.8950      449.3440   166.6330    71.8748    2.6763E+00    7.2315E-01    5.5500E-01      2929    582    286    169   1.59    2.1323E-01    4.6878E+01
  7871    362    207.0000    131.2029     3901.0200      459.4840   143.2350    71.5387    2.6216E+00    6.8264E-01    5.4000E-01      2869    596    292    162   1.61    2.3430E-01    2.9839E+01
  7810    359    211.0000    134.0747     3874.3620      421.3280   128.8280    71.4632    2.6657E+00    6.9227E-01    4.9500E-01      2847    583    274    128   1.58    2.6817E-01    3.9414E+01
  7757    358    214.0000    137.5543     3848.8960      407.5380   111.6020    71.3716    2.7165E+00    6.8971E-01    4.6500E-01      2838    573    289    118   1.56    2.2065E-01    4.5057E+01
  7702    356    218.0000    134.3338     3822.1920      400.8880    95.1290    71.1852    2.6788E+00    6.8600E-01    4.3500E-01      2845    571    283    125   1.59    1.8223E-01    3.8345E+01
  7665    353    221.0000    135.3302     3799.3280      446.0420    78.2360    70.6708    2.6942E+00    6.8468E-01    4.9500E-01      2798    623    303    161   1.59    2.1403E-01    3.6019E+01
  7626    352    225.0000    134.3667     3782.4920      353.7320    65.3720    70.5650    2.6854E+00    7.1079E-01    4.2000E-01      2814    599    318    108   1.58    1.8872E-01    4.2510E+01
  7594    350    228.0000    143.3431     3766.6230      402.3900    54.7140    70.8596    2.8067E+00    6.8924E-01    4.8000E-01      2819    573    288    139   1.54    2.2343E-01    4.8699E+01
  7572    350    232.0000    136.0079     3754.6800      343.9420    48.8640    70.7012    2.7118E+00    7.1948E-01    4.0500E-01      2779    550    306    104   1.55    2.1078E-01    4.3976E+01
  7553    350    235.0000    134.9815     3747.4610      404.7580    44.4240    70.3483    2.7004E+00    6.4779E-01    4.3500E-01      2794    567    272    127   1.58    1.7783E-01    4.0319E+01
  7532    348    239.0000    134.6166     3736.1900      387.7500    35.5100    70.5841    2.6972E+00    7.0272E-01    4.3500E-01      2725    550    294    125   1.56    1.9174E-01    2.8037E+01
  7511    348    242.0000    139.9949     3725.4070      306.0200    31.3350    69.8569    2.7704E+00    7.7083E-01    4.3500E-01      2787    525    318     91   1.55    2.3783E-01    3.2911E+01
  7498    347    245.0000    141.7746     3711.1340      433.8440    27.5980    70.3696    2.7931E+00    7.7605E-01    5.5500E-01      2740    497    297    153   1.52    2.2587E-01    4.0991E+01
  7494    346    249.0000    143.9272     3706.4500      493.1460    31.3040    70.4003    2.8210E+00    7.6374E-01    5.8500E-01      2753    488    291    173   1.53    2.7889E-01    3.0328E+01
  7483    345    252.0000    140.6479     3704.1140      409.8660    34.5480    69.8924    2.7798E+00    7.7936E-01    5.5500E-01      2748    487    297    153   1.58    2.7580E-01    4.2118E+01
  7463    343    256.0000    143.5249     3691.9710      551.1580    37.3770    70.3557    2.8188E+00    7.8647E-01    6.6000E-01      2717    509    297    210   1.59    2.2716E-01    1.9491E+01
  7436    341    259.0000    142.7949     3674.3090      570.3560    46.2600    68.6979    2.8107E+00    7.7617E-01    6.7500E-01      2714    477    291    218   1.72    2.6646E-01    3.4338E+01
  7420    340    263.0000    134.7634     3668.4330      419.9460    49.3820    69.6780    2.7063E+00    7.5878E-01    5.8500E-01      2718    507    292    164   1.99    2.7356E-01    4.3789E+01
  7420    340    266.0000    148.6870     3663.1490      477.5460    39.6930    65.6094    2.8882E+00    7.5525E-01    6.3000E-01      2692    492    289    183   1.79    2.8500E-01    4.4980E+01
  7420    340    270.0000    175.5874     3656.4380      531.4940    31.9470    65.5952    3.2249E+00    7.7768E-01    6.4500E-01      2730    481    291    191   1.62    2.7698E-01    3.6059E+01
  7419    340    273.0000    180.4180     3650.7240      430.4560    31.0790    69.3871    3.2823E+00    8.1082E-01    5.8500E-01      2691    431    290    153   1.52    2.5630E-01    3.7189E+01
  7413    340    277.0000    164.5439     3646.3840      340.0560    39.6860    66.2616    3.0871E+00    7.6532E-01    5.1000E-01      2688    447    292    117   1.55    2.5839E-01    4.1442E+01
  7410    340    280.0000    173.6828     3642.9720      290.3240    67.7120    67.0558    3.2001E+00    7.7862E-01    4.0500E-01      2728    444    295     80   1.54    2.1936E-01    3.4976E+01
  7406    339    284.0000    165.8024     3640.2310      347.9960   130.7530    68.8203    3.1027E+00    6.9804E-01    4.6500E-01      2624    467    253    103   1.53    2.2822E-01    4.7592E+01
  7383    337    287.0000    166.8553     3622.0910       68.6540   203.1480    68.2813    3.1163E+00    7.9101E-01    1.5000E-01      2626    441    275     10   1.53    2.3028E-01    5.3385E+01
  7339    337    290.0000    163.1696     3598.5980       88.7000   259.7470    69.6657    3.0743E+00    7.3531E-01    1.3500E-01      2539    420    266     12   1.53    1.8040E-01    5.7197E+01
  7229    332    294.0000    161.5222     3559.8390      418.6040   300.9710    69.6083    3.0695E+00    8.2611E-01    6.4500E-01      2521    395    278    165   1.51    2.4629E-01    2.3126E+01
  7114    323    297.0000    153.9305     3505.0480      389.8360   312.2170    69.1592    2.9850E+00    8.2906E-01    6.3000E-01      2417    403    282    151   1.47    2.8290E-01    3.0758E+01
  6968    318    301.0000    151.0443     3443.4100      438.3260   299.7370    68.8744    2.9658E+00    7.6515E-01    6.3000E-01      2359    427    260    172   1.46    2.6967E-01    2.8913E+01
  6792    312    304.0000    149.9296     3376.4980      334.4800   270.0010    68.4034    2.9760E+00    7.8910E-01    5.7000E-01      2303    383    260    133   1.42    2.7772E-01    3.2927E+01
  6632    302    308.0000    143.7819     3313.6420      542.0060   233.3710    67.9491    2.9162E+00    8.1130E-01    7.6500E-01      2246    404    252    221   1.39    3.1813E-01    2.0914E+01
  6502    298    311.0000    147.5937     3259.7680      368.7660   195.1450    67.4884    2.9855E+00    8.0141E-01    6.1500E-01      2262    390    245    142   1.36    3.1179E-01    2.6983E+01
  6406    295    315.0000    144.3576     3210.3080      318.4200   165.1090    67.1317    2.9522E+00    7.9471E-01    5.4000E-01      2228    392    257    113   1.35    2.8200E-01    3.6984E+01
  6333    292    318.0000    147.3221     3182.7120      493.5840   152.2150    66.9747    3.0038E+00    8.0600E-01    7.2000E-01      2175    377    248    197   1.32    3.0287E-01    2.0201E+01
  6249    290    322.0000    142.4839     3150.2520      361.8940   130.6920    66.7592    2.9505E+00    7.8099E-01    6.0000E-01      2203    389    241    136   1.34    2.9546E-01    3.0264E+01
  6175    286    325.0000    140.7705     3113.1420      283.5080   122.2100    66.3014    2.9355E+00    8.0245E-01    5.2500E-01      2156    361    251    116   1.32    2.6558E-01    2.4422E+01
  6132    285    329.0000    142.8448     3097.2550      402.3720   111.3310    66.3802    2.9713E+00    7.5457E-01    6.3000E-01      2187    399    241    163   1.33    2.6852E-01    2.5923E+01
  6095    285    332.0000    140.5785     3082.5940      351.6900    97.9160    65.9411    2.9455E+00    8.0000E-01    5.7000E-01      2184    367    250    127   1.34    2.6859E-01    3.9414E+01
  6068    284    335.0000    141.6123     3071.9290      412.2980    92.1840    66.0670    2.9641E+00    8.0206E-01    6.4500E-01      2176    394    244    161   1.33    2.7447E-01    2.4270E+01
  6049    282    339.0000    148.3842     3058.8660      298.8500    86.0560    66.0258    3.0591E+00    8.5660E-01    6.1500E-01      2167    355    266    125   1.31    2.7027E-01    2.9321E+01
  6023    280    342.0000    143.7048     3049.4380      301.5740    80.4100    65.9791    2.9989E+00    8.6196E-01    6.0000E-01      2143    342    260    114   1.32    3.0983E-01    2.4470E+01
  6005    280    346.0000    144.8497     3038.5060      549.2660    73.9170    65.7759    3.0164E+00    8.7019E-01    8.2500E-01      2169    367    263    239   1.33    3.1117E-01    2.4974E+01
  5978    280    349.0000    145.8181     3029.4820      472.5680    67.0220    65.9085    3.0348E+00    8.9364E-01    7.8000E-01      2142    314    254    193   1.30    2.9522E-01    3.0164E+01
  5956    279    353.0000    142.2715     3018.6470      357.6500    61.5690    65.4431    2.9882E+00    8.2210E-01    5.5500E-01      2162    365    249    123   1.32    2.6570E-01    3.4864E+01
  5947    278    356.0000    147.7554     3011.8960      336.0280    42.8060    65.7557    3.0649E+00    8.5571E-01    6.6000E-01      2156    321    238    135   1.36    2.6155E-01    3.2927E+01
  5933    278    360.0000    146.2255     3003.0740      328.8960    33.9560    63.8647    3.0449E+00    8.3519E-01    5.7000E-01      2214    349    249    117   1.38    2.7122E-01    4.1812E+01
  5927    278    363.0000    148.7347     2997.0360      231.5220    32.4880    65.0058    3.0794E+00    7.7322E-01    4.3500E-01      2126    355    221     70   1.37    2.4083E-01    4.0394E+01
  5908    276    367.0000    151.9053     2985.9750      286.5320    29.3370    64.7861    3.1250E+00    8.4174E-01    5.2500E-01      2166    357    258     95   1.41    2.4846E-01    2.9710E+01
  5885    274    370.0000    143.4902     2979.1030      339.5740    33.8240    63.9584    3.0130E+00    7.5213E-01    5.5500E-01      2130    376    236    118   1.48    2.7380E-01    3.0193E+01
  5867    275    374.0000    138.3300     2973.9460      345.9780    36.7090    65.5085    2.9438E+00    8.0171E-01    5.5500E-01      2166    389    243    120   1.92    2.5891E-01    3.3660E+01
  5865    274    377.0000    142.2662     2973.0670      213.8920    22.3560    63.2451    2.9997E+00    7.8097E-01    4.5000E-01      2145    365    236     77   1.91    2.3632E-01    2.8933E+01
  5862    274    381.0000    190.0302     2969.3660      200.9800    15.5950    65.4357    3.6378E+00    8.5798E-01    4.2000E-01      2187    304    238     64   1.74    2.9906E-01    2.9061E+01
  5859    273    384.0000    212.6550     2965.6410      315.4280    17.6420    65.0106    3.9207E+00    9.1089E-01    5.8500E-01      2128    295    245    110   1.61    2.8502E-01    3.3526E+01
  5840    272    387.0000    197.6994     2952.3240      127.1360    33.7070    64.4314    3.7361E+00    8.4237E-01    3.3000E-01      2126    318    239     36   1.58    2.3287E-01    4.3869E+01
  5828    271    391.0000    188.3900     2946.8230      293.5240   111.8130    64.6275    3.6199E+00    9.0566E-01    6.3000E-01      2102    289    244    112   1.53    2.6676E-01    3.1929E+01
  5811    271    394.0000    180.5034     2934.7340      250.2080   224.1540    63.8683    3.5193E+00    8.5124E-01    5.2500E-01      2034    301    235     89   1.54    2.1902E-01    2.8845E+01
  5754    266    398.0000    166.4382     2913.9630      243.6720   320.9430    65.0802    3.3452E+00    7.5908E-01    4.9500E-01      1943    303    205     88   1.51    2.7521E-01    2.4316E+01
  5609    257    401.0000    142.4851     2853.5750      288.8220   361.9420    64.6611    3.0398E+00    7.8985E-01    5.8500E-01      1837    313    205    117   1.47    3.0238E-01    2.5321E+01
  5380    248    405.0000    140.9078     2766.4200      281.1500   333.0390    64.1116    3.0593E+00    7.9325E-01    5.8500E-01      1764    321    209    118   1.39    3.0339E-01    3.0898E+01
  5160    240    408.0000    127.8004     2690.8400      221.7260   308.5340    63.4389    2.9098E+00    7.1764E-01    4.6500E-01      1675    362    187     77   1.34    2.5421E-01    3.1022E+01
  4952    227    412.0000    122.4290     2609.2380      328.7360   288.5010    62.7979    2.8663E+00    7.6247E-01    6.1500E-01      1626    292    181    120   1.26    3.0399E-01    2.6769E+01
  4776    223    415.0000    120.4735     2549.7830      258.6180   257.7340    62.2529    2.8735E+00    7.4591E-01    5.4000E-01      1585    319    178     98   1.21    2.8136E-01    3.2163E+01
  4658    217    419.0000    111.7362     2500.8870      292.6040   235.0020    61.7409    2.7548E+00    6.9160E-01    5.4000E-01      1522    298    168    101   1.19    2.7413E-01    3.5428E+01
  4558    214    422.0000    113.9061     2459.3460      209.9520   210.7380    61.5197    2.8098E+00    7.0188E-01    4.5000E-01      1530    307    162     71   1.19    2.7710E-01    3.4349E+01
  4483    213    426.0000    111.2803     2433.5690      269.0580   194.1040    61.2681    2.7834E+00    6.5084E-01    5.2500E-01      1478    314    163     91   1.18    2.7604E-01    3.7612E+01
  4402    209    429.0000    107.7694     2400.4530       73.2120   172.0410    61.0207    2.7408E+00    7.4514E-01    2.8500E-01      1467    294    178     21   1.17    2.4298E-01    3.4741E+01
  4348    208    432.0000    109.9584     2379.7590      183.1120   161.0170    60.7317    2.7896E+00    6.7603E-01    4.3500E-01      1473    330    173     66   1.19    2.5827E-01    2.6906E+01
  4277    206    436.0000    118.1259     2355.8760      233.2200   145.4650    60.5802    2.9441E+00    7.1398E-01    4.9500E-01      1459    294    169     94   1.15    2.6671E-01    2.7870E+01
  4231    203    439.0000    107.0131     2321.3520      290.2840   113.2300    60.3064    2.7601E+00    6.9918E-01    5.4000E-01      1415    330    170    103   1.18    2.8308E-01    2.2438E+01
  4190    201    443.0000    110.7493     2299.0510      229.8280    98.3930    60.0542    2.8307E+00    6.6634E-01    4.6500E-01      1460    338    160     76   1.18    2.4831E-01    3.2994E+01
  4157    199    446.0000    111.5408     2287.3130      259.2100    87.8920    59.9844    2.8523E+00    6.9122E-01    4.9500E-01      1421    321    169     90   1.17    2.8409E-01    2.9776E+01
  4116    198    450.0000    107.1057     2268.2190      268.8720    73.0840    59.7585    2.7843E+00    6.5012E-01    4.9500E-01      1414    343    167     97   1.17    2.7600E-01    3.5021E+01
  4082    196    453.0000    111.4128     2255.4680      279.4480    65.3140    59.5524    2.8668E+00    6.3542E-01    5.1000E-01      1397    308    151     92   1.15    2.9860E-01    3.2199E+01
  4055    195    457.0000    102.8248     2244.3750      172.0800    56.9340    59.5126    2.7235E+00    6.1076E-01    3.4500E-01      1377    336    166     53   1.19    2.5742E-01    2.8936E+01
  4037    193    460.0000    110.9896     2239.9060       93.1820    55.6900    59.5362    2.8712E+00    7.0549E-01    2.8500E-01      1425    323    162     28   1.18    2.3114E-01    3.2847E+01
  4022    193    464.0000    112.0685     2229.0800      264.3320    52.2490    59.0470    2.8913E+00    6.0421E-01    4.5000E-01      1413    338    149     82   1.18    2.5540E-01    3.8719E+01
  4009    193    467.0000    108.0033     2225.7150      201.9060    50.6020    59.3909    2.8248E+00    6.1058E-01    4.0500E-01      1377    308    147     62   1.15    2.2477E-01    3.6237E+01
  3992    192    471.0000    110.0377     2219.8530      201.1040    44.3110    59.3187    2.8647E+00    6.7184E-01    4.8000E-01      1389    313    153     68   1.15    2.8054E-01    3.6446E+01
  3983    192    474.0000    116.0365     2210.0190      117.3440    42.3580    59.3512    2.9673E+00    6.6393E-01    3.0000E-01      1414    316    158     33   1.16    2.4145E-01    3.5703E+01
  3978    189    478.0000    108.8099     2207.8050      255.3060    38.0710    59.1815    2.8439E+00    5.8993E-01    4.2000E-01      1368    328    155     84   1.21    2.6319E-01    2.8541E+01
  3973    189    481.0000    105.4501     2205.9150      172.5680    33.7190    59.2697    2.7863E+00    5.9160E-01    3.4500E-01      1395    343    153     54   1.40    2.2095E-01    3.4495E+01
  3964    189    484.0000    104.9796     2199.6950      231.2560    31.6520    58.7520    2.7790E+00    6.1552E-01    4.0500E-01      1394    333    157     76   1.81    2.5989E-01    3.0766E+01
  3964    189    488.0000    107.4070     2194.0840       76.2320    22.7860    52.6069    2.8193E+00    5.8400E-01    2.4000E-01      1423    341    158     21   1.81    2.2532E-01    3.6938E+01
  3964    189    491.0000    133.8441     2194.0710      157.5820    17.2850    53.2196    3.2648E+00    6.4108E-01    3.4500E-01      1430    280    149     39   1.62    2.6232E-01    4.3433E+01
  3959    189    495.0000    157.9275     2192.5040      186.3420    27.3150    57.5548    3.6473E+00    7.2064E-01    4.5000E-01      1411    276    157     63   1.49    2.9889E-01    3.7146E+01
  3943    188    498.0000    158.7241     2188.4490      125.3940    56.7810    58.9500    3.6658E+00    7.6012E-01    3.3000E-01      1389    277    160     36   1.39    2.7260E-01    3.7213E+01
  3927    188    502.0000    155.9292     2180.7130      225.0980    98.9680    57.0546    3.6269E+00    6.5587E-01    4.0500E-01      1362    275    141     67   1.38    2.3707E-01    3.3203E+01
  3897    187    505.0000    140.6427     2167.8840      231.8740   160.1460    58.3031    3.3941E+00    6.9023E-01    5.1000E-01      1322    270    145     76   1.35    2.9132E-01    2.8603E+01
  3849    186    509.0000    118.6854     2148.8980      195.8640   218.6530    58.6461    3.0437E+00    6.4716E-01    4.6500E-01      1256    296    137     69   1.41    2.9885E-01    3.4629E+01
  3752    184    512.0000    116.6806     2111.7710      275.0280   259.2120    58.3917    3.0362E+00    6.9445E-01    5.8500E-01      1233    254    128     90   1.32    3.5073E-01    3.7751E+01
  3645    181    516.0000    115.1313     2066.7480      250.4280   268.2830    58.0476    3.0379E+00    6.5082E-01    5.4000E-01      1176    265    115     77   1.26    3.1296E-01    3.8815E+01
  3501    175    519.0000    102.7446     2007.1570      220.7300   259.5200    57.3241    2.8539E+00    6.2527E-01    4.9500E-01      1098    275    121     73   1.20    2.7764E-01    3.2231E+01
  3371    169    523.0000     93.3860     1949.7430      196.4260   238.6270    56.9753    2.7104E+00    5.7175E-01    4.5000E-01      1050    295    127     72   1.18    2.9669E-01    2.7363E+01
  3256    163    526.0000     92.1215     1902.1920      245.4760   216.3390    56.5227    2.7174E+00    6.4148E-01    5.4000E-01      1023    243    125     86   1.13    3.1575E-01    2.5583E+01
  3151    160    529.0000     86.6597     1855.9920      194.8960   189.3810    56.0364    2.6367E+00    6.6402E-01    4.5000E-01       995    250    122     60   1.11    2.8721E-01    2.9435E+01
  3039    154    533.0000     88.1984     1812.9560      139.8380   163.7860    55.5897    2.7026E+00    6.2004E-01    4.0500E-01       959    240    115     44   1.04    3.2216E-01    3.5455E+01
  2963    152    536.0000     81.9954     1787.1570      121.3800   144.6070    55.2053    2.5995E+00    5.9976E-01    3.1500E-01       959    270    113     36   1.06    2.3567E-01    3.2791E+01
  2906    152    540.0000     80.4401     1764.9530      177.7820   134.1320    54.9996    2.5844E+00    5.8790E-01    4.2000E-01       937    268    110     54   1.04    2.8966E-01    3.4320E+01
  2855    151    543.0000     80.7156     1740.4270       91.7760   114.6520    54.7602    2.6045E+00    6.4643E-01    3.1500E-01       955    256    117     32   1.03    2.5172E-01    3.0974E+01
  2807    148    547.0000     83.0247     1718.5920      230.5020   101.1590    54.1963    2.6685E+00    6.1277E-01    4.8000E-01       923    254    110     70   1.02    2.8859E-01    3.6107E+01
  2769    148    550.0000     83.4682     1705.8820      212.9740    91.4320    54.4035    2.6923E+00    5.6825E-01    4.5000E-01       924    268    102     63   1.02    2.8859E-01    3.8199E+01
  2740    148    554.0000     79.5923     1693.1160      217.7540    83.4220    54.1419    2.6175E+00    5.7573E-01    4.6500E-01       922    266    109     68   1.03    2.8896E-01    3.7907E+01
  2716    147    557.0000     80.6600     1682.0300      213.7640    76.3200    54.0858    2.6483E+00    5.7576E-01    4.6500E-01       903    267    100     62   1.04    2.8470E-01    3.3553E+01
  2682    144    561.0000     78.4790     1669.4520      245.8700    67.7290    53.9952    2.6126E+00    5.8351E-01    5.1000E-01       915    252    111     80   1.04    3.0562E-01    3.0705E+01
  2659    143    564.0000     74.5975     1657.3330      170.5060    58.5980    53.6910    2.5320E+00    5.7225E-01    3.9000E-01       880    264    105     55   1.04    2.5844E-01    3.0555E+01
  2645    143    568.0000     80.5850     1652.9050      147.3900    55.5380    53.2848    2.6714E+00    5.0924E-01    3.1500E-01       875    242     99     43   1.02    2.2876E-01    3.7289E+01
  2633    143    571.0000     79.2598     1644.9180      149.2700    48.7230    53.7212    2.6447E+00    5.5932E-01    3.9000E-01       892    248    101     45   1.07    2.4604E-01    3.3985E+01
  2618    143    575.0000     80.7961     1635.1990      125.2800    46.7000    53.5485    2.6822E+00    5.6773E-01    3.6000E-01       901    235    100     34   1.07    2.7868E-01    3.3932E+01
  2602    143    578.0000     79.4556     1624.8390      128.3940    43.0280    53.5152    2.6561E+00    5.8590E-01    3.3000E-01       885    236     99     35   1.04    2.6552E-01    3.1704E+01
  2593    142    581.0000     84.8763     1621.0600      135.0680    42.3980    53.1382    2.7789E+00    5.8926E-01    3.4500E-01       889    231    102     34   1.02    2.6182E-01    3.8559E+01
  2581    141    585.0000     81.7211     1616.4040      217.7860    42.9040    53.0402    2.7142E+00    6.1586E-01    4.9500E-01       886    215     96     65   1.05    3.1955E-01    3.9648E+01
  2568    140    588.0000     80.8139     1608.0240      177.8020    42.4010    53.3187    2.6971E+00    6.6602E-01    4.5000E-01       891    200    105     50   1.13    2.9288E-01    4.0356E+01
  2541    139    592.0000     82.5375     1595.5750      196.2920    37.5390    53.1052    2.7448E+00    6.3404E-01    4.6500E-01       891    226    100     56   1.28    2.8171E-01    3.6549E+01
  2501    137    595.0000     79.4872     1581.5050      120.4480    45.4220    52.7567    2.6931E+00    5.9547E-01    3.7500E-01       868    227     93     34   1.63    2.7085E-01    3.8253E+01
  2487    137    599.0000     74.2107     1574.2870      161.3200    40.5610    52.7518    2.5769E+00    6.5253E-01    4.5000E-01       851    212    109     50   1.60    2.7080E-01    3.0600E+01
  2486    137    602.0000     97.7896     1572.2780      119.5720    34.8870    52.0990    3.0966E+00    5.9303E-01    3.6000E-01       886    200     97     35   1.37    2.4668E-01    3.7998E+01
  2484    137    606.0000    124.6147     1569.1540      151.9720    27.2370    47.3640    3.6390E+00    6.3636E-01    4.2000E-01       910    196    106     46   1.24    2.9503E-01    2.9952E+01
  2483    137    609.0000    135.2097     1569.0190       75.4680    40.5180    50.5300    3.8433E+00    6.0352E-01    2.7000E-01       880    188     90     20   1.18    2.6934E-01    3.7734E+01
  2481    136    613.0000    122.5251     1567.6360       83.5540    77.7590    49.4893    3.5996E+00    6.5483E-01    3.3000E-01       855    193    100     20   1.14    3.2462E-01    4.1777E+01
  2474    134    616.0000    111.2615     1559.3980       77.7920   133.4270    51.3777    3.3749E+00    6.0269E-01    2.8500E-01       824    194     90     19   1.14    2.8606E-01    4.0845E+01
  2459    134    620.0000    101.0800     1557.0970      171.9640   187.5430    52.8063    3.1752E+00    6.2575E-01    4.3500E-01       802    180     82     47   1.13    3.0612E-01    3.5324E+01
  2404    132    623.0000     96.1996     1532.3150      170.6320   208.4300    52.3685    3.0954E+00    6.5941E-01    5.5500E-01       758    176     87     59   1.12    3.6572E-01    3.3749E+01
  2349    130    626.0000     84.9255     1502.1390      163.1540   231.2920    52.2370    2.8673E+00    6.3412E-01    4.6500E-01       709    180     75     42   1.03    3.1336E-01    4.1887E+01
  2282    128    630.0000     81.9793     1461.9560      172.3840   236.3550    51.7892    2.8215E+00    5.5805E-01    4.5000E-01       673    191     73     49   1.03    2.9660E-01    3.2610E+01
  2216    122    633.0000     79.5737     1420.6210      169.4900   223.3590    51.2254    2.7858E+00    5.8098E-01    4.6500E-01       653    178     78     52   0.98    3.0483E-01    3.4129E+01
  2139    116    637.0000     82.2581     1382.2010      200.3420   204.1770    50.8266    2.8795E+00    5.7318E-01    5.1000E-01       631    165     68     58   1.06    3.6505E-01    3.8214E+01
  2072    116    640.0000     70.7371     1349.7900      155.3180   198.9460    50.3139    2.6305E+00    5.1136E-01    3.7500E-01       620    171     65     43   1.03    2.5604E-01    3.5485E+01
  1992    114    644.0000     67.2055     1310.3780       59.6000   172.6530    49.9533    2.5741E+00    5.5632E-01    2.2500E-01       593    178     69     15   0.98    2.6394E-01    3.7256E+01
  1943    113    647.0000     71.4774     1288.7760       91.3000   167.1850    49.6355    2.7051E+00    5.5138E-01    3.4500E-01       575    151     60     23   0.93    3.0365E-01    3.9057E+01
  1885    110    651.0000     67.8422     1262.5890      109.6260   149.5790    49.2105    2.6397E+00    4.5256E-01    2.5500E-01       559    174     63     28   0.95    2.1916E-01    3.7902E+01
  1831    110    654.0000     65.9103     1239.4650       62.0540   138.9000    48.9560    2.6161E+00    4.8154E-01    2.1000E-01       556    171     61     14   0.96    2.3938E-01    4.1731E+01
  1772    109    658.0000     64.0843     1211.9780       61.6960   118.9340    48.6126    2.5961E+00    5.1293E-01    1.9500E-01       538    173     64     17   0.93    2.1115E-01    3.6359E+01
  1730    106    661.0000     63.8776     1193.8700       79.0840   110.7880    48.3233    2.6127E+00    4.5043E-01    2.8500E-01       536    170     66     20   0.91    2.6658E-01    3.9542E+01
  1698    104    665.0000     63.0661     1172.4330       94.5680    97.9940    48.0168    2.6022E+00    4.7558E-01    2.8500E-01       515    160     68     27   0.89    2.3627E-01    3.7122E+01
  1654    104    668.0000     66.5562     1151.4770       89.6560    82.0140    46.9159    2.7212E+00    4.6656E-01    2.7000E-01       519    168     57     25   0.87    2.4351E-01    3.4268E+01
  1635    104    671.0000     65.3459     1140.0190       61.0120    75.9510    47.6324    2.6966E+00    4.9759E-01    2.1000E-01       521    156     59     14   0.86    2.6173E-01    4.3593E+01
  1608    101    675.0000     66.4666     1126.9300       54.4680    65.8270    47.4157    2.7425E+00    4.7823E-01    1.3500E-01       513    142     55     11   0.85    1.7419E-01    4.2537E+01
  1578     98    678.0000     67.4447     1111.5820       35.5780    59.1510    47.1056    2.7862E+00    5.2398E-01    9.0000E-02       501    152     62      8   0.84    1.8818E-01    3.9735E+01
  1557     96    682.0000     65.1963     1100.8750       53.0340    55.8010    46.3669    2.7357E+00    4.7053E-01    1.6500E-01       508    145     54     11   0.82    2.1164E-01    4.5518E+01
  1544     95    685.0000     65.9581     1091.6600       51.6680    55.1820    46.8494    2.7622E+00    5.7043E-01    2.2500E-01       516    155     66     13   0.83    2.7125E-01    3.8956E+01
  1526     94    689.0000     63.9843     1084.9160      119.5360    55.6550    46.5950    2.7192E+00    6.0258E-01    4.2000E-01       492    135     66     34   0.88    3.0735E-01    3.4377E+01
  1512     93    692.0000     66.3150     1077.6950       41.0320    64.3970    46.4438    2.7930E+00    6.0037E-01    2.2500E-01       497    145     70     12   0.89    3.0651E-01    2.9641E+01
  1502     93    696.0000     61.4209     1071.5670      104.6300    67.5050    45.9670    2.6587E+00    5.6868E-01    4.2000E-01       481    139     59     29   0.94    3.5738E-01    3.6338E+01
  1483     93    699.0000     62.8706     1061.3830      118.4580    66.8480    46.4252    2.7112E+00    5.6642E-01    3.9000E-01       491    119     58     32   1.08    3.0231E-01    3.6978E+01
  1446     92    703.0000     69.6619     1045.8190       42.1800    62.5190    46.0601    2.9301E+00    6.1890E-01    2.7000E-01       485    121     66     13   1.45    3.1514E-01    3.1996E+01
  1415     89    706.0000     66.1195     1024.6500       76.3260    52.8070    45.6244    2.8451E+00    6.2466E-01    3.6000E-01       488    123     67     25   1.74    3.2016E-01    3.1494E+01
  1414     89    710.0000     59.5493     1023.0640      137.4220    44.3870    43.3602    2.6531E+00    7.2445E-01    5.2500E-01       491    127     69     44   1.60    3.9345E-01    3.1665E+01
  1414     89    713.0000     79.6912     1021.3010      134.4360    34.7420    39.1951    3.2200E+00    7.1939E-01    5.4000E-01       492    108     61     38   1.39    4.3082E-01    3.4149E+01
  1414     89    717.0000    102.1454     1019.7590       57.9380    39.1970    43.9589    3.7976E+00    6.9447E-01    3.3000E-01       488    105     65     19   1.31    3.3179E-01    2.9812E+01
  1408     89    720.0000    140.6112     1014.8850       57.1520    52.2760    45.7679    4.7031E+00    7.4372E-01    4.0500E-01       498    106     68     20   1.23    4.0201E-01    2.8576E+01
  1391     87    723.0000    138.7179     1008.3150       95.3980    77.1430    45.1597    4.6825E+00    7.7559E-01    4.9500E-01       485     96     61     31   1.16    4.1690E-01    3.2270E+01
  1363     87    727.0000    126.3575      993.6720       99.2620   103.2630    45.1211    4.4289E+00    7.7652E-01    5.2500E-01       464     83     55     30   1.08    4.5803E-01    3.5834E+01
  1337     86    730.0000    100.8888      979.2100       84.3740   143.3760    44.7078    3.8343E+00    6.3600E-01    3.9000E-01       441     99     54     26   1.06    3.1283E-01    3.1734E+01
  1291     86    734.0000     75.9883      956.2490       57.8040   172.1020    44.3004    3.2115E+00    5.5571E-01    2.8500E-01       408     99     48     17   1.02    3.4025E-01    3.3960E+01
  1242     84    737.0000     64.0630      932.7830       44.2280   197.0130    44.5320    2.9046E+00    4.9535E-01    2.4000E-01       363     94     40     12   0.99    3.6360E-01    3.6361E+01
  1174     82    741.0000     61.0050      900.0180       33.3960   199.6020    44.0836    2.8669E+00    4.7082E-01    2.1000E-01       349     97     39      9   0.92    2.5290E-01    4.1481E+01
  1113     79    744.0000     53.8176      864.6840       84.8200   197.7710    43.5343    2.6807E+00    6.5724E-01    4.5000E-01       329     84     44     25   0.92    3.9778E-01    3.5007E+01
  1038     74    748.0000     52.1057      817.1900       86.8100   171.9300    42.7138    2.6766E+00    5.5697E-01    4.6500E-01       302    100     42     29   0.83    3.9007E-01    2.8675E+01
   978     69    751.0000     42.8249      781.9340       34.6160   158.0210    42.0889    2.3921E+00    5.9841E-01    3.1500E-01       281     91     42     12   0.79    4.0877E-01    3.0152E+01
   920     66    755.0000     41.9632      746.6600       95.7640   144.2100    41.3329    2.4039E+00    5.1080E-01    4.8000E-01       275     92     36     29   0.77    4.2655E-01    3.5076E+01
   881     64    758.0000     36.2378      725.0540       82.8040   130.4640    40.9698    2.2111E+00    4.5184E-01    3.7500E-01       255    105     33     22   0.73    3.4971E-01    3.8898E+01
   837     59    762.0000     34.5343      695.7850       84.9760   113.0750    40.4651    2.1727E+00    4.1473E-01    3.3000E-01       250     96     28     20   0.71    3.2812E-01    4.2488E+01
   806     56    765.0000     41.4910      679.2840       55.1280    99.6340    40.1110    2.4872E+00    4.5510E-01    2.7000E-01       248     90     35     15   0.67    2.9437E-01    3.5516E+01
   786     52    768.0000     40.6211      665.2050       59.1440    92.2340    39.7034    2.4692E+00    4.3175E-01    3.1500E-01       236     85     36     17   0.67    3.3422E-01    3.5040E+01
   773     51    772.0000     42.3138      656.3680       33.3540    87.8080    39.4742    2.5493E+00    4.0648E-01    1.6500E-01       243     82     32      9   0.70    3.1229E-01    3.5518E+01
   741     50    775.0000     40.0117      631.3210       48.0620    66.4220    39.0945    2.4814E+00    4.0499E-01    2.2500E-01       242     87     34     16   0.70    2.7629E-01    3.1389E+01
   721     47    779.0000     40.4353      617.7490       40.3220    57.5020    38.4521    2.5184E+00    5.7383E-01    2.4000E-01       240     89     37     12   0.66    2.9984E-01    3.3409E+01
   707     47    782.0000     44.7322      609.3680       94.3980    53.1800    38.6034    2.7105E+00    4.0192E-01    3.7500E-01       238     84     32     28   0.66    3.2263E-01    3.1497E+01
   697     45    786.0000     41.0307      596.6320       43.9420    44.8040    38.4087    2.5608E+00    4.1741E-01    2.7000E-01       230    101     37     15   0.69    2.7374E-01    3.1772E+01
   681     42    789.0000     41.4120      586.7040       63.5760    37.0060    37.7710    2.5951E+00    4.9012E-01    3.4500E-01       222     96     33     18   0.66    3.5453E-01    3.4791E+01
   673     42    793.0000     38.1956      582.2060       49.8320    37.9210    37.9320    2.4686E+00    4.5069E-01    3.0000E-01       227     89     34     15   0.70    3.4073E-01    3.2157E+01
   659     41    796.0000     32.3919      575.5240       61.2940    34.9430    37.8201    2.2287E+00    4.1829E-01    2.8500E-01       222    105     32     18   0.73    3.0663E-01    3.3186E+01
   647     40    800.0000     39.6781      566.1990       84.6400    34.4310    37.4623    2.5633E+00    5.0072E-01    3.7500E-01       227     99     32     23   0.76    3.6342E-01    3.7228E+01
   636     39    803.0000     40.8315      558.3690       86.1460    38.2520    37.4238    2.6251E+00    4.1771E-01    3.9000E-01       215     93     30     23   0.85    3.6785E-01    3.6040E+01
   615     38    807.0000     36.6338      546.5420       41.5960    44.5050    35.8139    2.4694E+00    3.6585E-01    2.1000E-01       206     88     29     12   1.08    2.5707E-01    3.4660E+01
   610     38    810.0000     30.7027      542.7970       26.6000    45.4120    36.4885    2.1999E+00    3.1706E-01    1.0500E-01       206     91     28      7   1.43    1.9525E-01    3.6660E+01
   608     38    814.0000     33.5703      541.4870       24.2840    43.4310    35.8960    2.3371E+00    2.9514E-01    1.0500E-01       212     85     29      6   1.16    2.1160E-01    3.6145E+01
   608     38    817.0000     48.9610      541.4820       46.1460    30.5780    33.8995    3.0057E+00    3.9975E-01    1.6500E-01       210     88     28     10   0.96    2.9449E-01    3.9291E+01
   608     38    820.0000     59.0408      541.4750       40.3760    28.3240    35.6420    3.4052E+00    4.2251E-01    1.2000E-01       210     79     27      9   0.89    2.9365E-01    4.0182E+01
   609     35    824.0000     65.0581      540.7780       24.6540    32.5990    35.5314    3.6280E+00    3.2044E-01    1.0500E-01       210     81     30      6   1.05    2.3410E-01    3.6505E+01
   603     35    827.0000     71.3961      534.0550       37.4060    56.8920    35.5839    3.8647E+00    4.6623E-01    3.0000E-01       214     72     29     11   1.36    3.5233E-01    3.3972E+01
   596     33    831.0000     73.0860      524.1170       52.0340    65.4780    36.6495    3.9258E+00    5.4375E-01    3.6000E-01       209     65     30     17   0.91    3.9084E-01    3.1881E+01
   582     29    834.0000     62.0790      514.0210       46.2440    83.8730    36.2126    3.5439E+00    5.1610E-01    3.4500E-01       196     59     27     14   0.86    4.0372E-01    3.3477E+01
   563     27    838.0000     53.3894      494.2280       48.5660    96.7540    36.0481    3.2209E+00    4.7785E-01    3.4500E-01       189     61     23     14   0.81    4.4098E-01    3.5675E+01
   543     25    841.0000     43.9715      481.6580       15.1260   107.0430    35.7541    2.8615E+00    4.3464E-01    9.0000E-02       172     56     22      4   0.79    4.0967E-01    3.5803E+01
   515     22    845.0000     36.0514      458.8930       23.2280   108.6560    35.3899    2.5383E+00    3.8552E-01    1.8000E-01       157     68     23      7   0.75    3.3350E-01    3.1000E+01
   490     20    848.0000     32.2994      438.4540       25.9480   105.2510    34.6676    2.3868E+00    3.6521E-01    1.3500E-01       148     59     20      7   0.72    3.6521E-01    3.3712E+01
   456     19    852.0000     30.8938      414.9670       39.5060    98.7270    33.5613    2.3649E+00    3.8414E-01    2.8500E-01       137     66     18     11   0.64    3.9646E-01    3.5070E+01
   427     18    855.0000     23.0518      393.8260       31.1900    86.9970    33.3744    1.9807E+00    4.0054E-01    3.0000E-01       128     59     18      9   0.60    4.1281E-01    3.5668E+01
   412     16    859.0000     20.3231      381.7940       20.5220    77.6250    32.8968    1.8373E+00    3.2153E-01    2.1000E-01       120     55     17      6   0.55    3.5116E-01    3.6848E+01
   401     15    862.0000     21.7604      375.9460       28.1400    73.7590    32.8951    1.9410E+00    3.5167E-01    2.5500E-01       114     63     18      8   0.56    3.8721E-01    3.4568E+01
   384     15    865.0000     22.2382      366.3540       32.8400    67.4280    32.5090    1.9982E+00    2.8187E-01    2.5500E-01       112     54     17      9   0.55    3.5097E-01    3.6700E+01
   373     14    869.0000     21.8208      359.6270       56.3920    60.0740    32.3206    1.9916E+00    4.2256E-01    4.0500E-01       119     67     18     17   0.56    4.3989E-01    3.2322E+01
   362     14    872.0000     18.7206      349.7970       33.1080    52.8690    32.0707    1.8103E+00    3.6038E-01    2.4000E-01       111     65     17      9   0.55    4.5143E-01    3.6091E+01
   351     14    876.0000     18.3804      343.2130       33.0120    48.3440    31.8566    1.8065E+00    3.3622E-01    2.4000E-01       110     64     20     11   0.57    3.3622E-01    3.1245E+01
   343     12    879.0000     19.2671      336.6360       36.5260    45.7620    31.7804    1.8750E+00    3.1744E-01    2.4000E-01       111     56     17     10   0.55    3.5326E-01    3.4729E+01
   331     12    883.0000     23.0813      327.1420       42.0720    41.2300    30.9796    2.1348E+00    2.7320E-01    2.4000E-01       112     59     16     12   0.56    3.1593E-01    3.4695E+01
   320     12    886.0000     21.8556      316.3290       38.6240    35.2070    30.7194    2.0724E+00    3.3026E-01    2.4000E-01       111     59     17     11   0.54    3.7791E-01    3.5686E+01
   313     12    890.0000     19.9042      309.9350       68.6880    31.3880    30.7964    1.9567E+00    3.8113E-01    4.5000E-01       107     68     17     21   0.55    4.3949E-01    3.2612E+01
   308     12    893.0000     20.2224      307.1580       42.7560    29.1850    30.4347    1.9884E+00    3.6666E-01    3.3000E-01       103     61     17     13   0.54    3.9321E-01    3.3068E+01
   302     12    897.0000     22.5429      302.3570       61.8040    27.7300    30.4636    2.1487E+00    4.3638E-01    4.8000E-01       102     61     16     19   0.56    4.9787E-01    3.2581E+01
   293     12    900.0000     18.5796      297.3200       44.8980    26.3390    29.9900    1.9085E+00    2.7382E-01    1.9500E-01       101     56     14     11   0.58    3.4059E-01    3.8754E+01
   285      9    904.0000     18.5616      288.4530       28.1140    21.3630    29.8191    1.9158E+00    2.2582E-01    1.0500E-01       101     59     15      7   0.63    3.3579E-01    3.6274E+01
   279      9    907.0000     15.3945      285.5470       28.4900    26.3150    29.7387    1.7044E+00    2.0042E-01    1.5000E-01       102     70     14      7   0.72    3.0110E-01    3.8340E+01
   274      9    911.0000     20.4157      283.4380       20.0680    25.3150    29.8547    2.0719E+00    2.0068E-01    1.2000E-01        99     53     14      5   0.94    2.4568E-01    3.8195E+01
   271      9    914.0000     17.9849      281.1910       16.6900    24.2230    28.4059    1.9099E+00    2.4342E-01    9.0000E-02        98     46     14      4   1.07    3.2815E-01    3.7609E+01
   271      9    917.0000     18.8387      281.1870       17.8420    19.5670    26.7057    1.9699E+00    1.7752E-01    6.0000E-02       102     50     15      5   0.79    2.3404E-01    3.5236E+01
   271      9    921.0000     32.7476      281.1840       21.6700    19.5920    29.8065    2.8479E+00    1.4520E-01    6.0000E-02       104     42     16      6   0.72    1.7904E-01    3.5949E+01
   270      9    924.0000     45.0769      280.4400       19.0700    21.4980    26.1095    3.5278E+00    4.2950E-01    1.5000E-01       105     31     18      5   0.75    5.7198E-01    3.0594E+01
   267     10    928.0000     56.2846      277.4050       24.9300    33.6400    28.3970    4.0998E+00    4.4126E-01    2.7000E-01       101     30     14      6   0.68    6.3298E-01    3.4212E+01
   260      9    931.0000     56.3000      270.9410       28.1220    38.5360    28.5067    4.1254E+00    4.2212E-01    2.1000E-01        94     29     12      6   0.60    6.2081E-01    3.6106E+01
   256      9    935.0000     55.8211      267.5160       24.2160    42.3170    29.1440    4.1179E+00    4.6934E-01    2.4000E-01        95     29     13      6   0.60    7.0918E-01    3.3343E+01
   249      7    938.0000     47.7041      261.0980       24.9700    45.3640    28.2125    3.7321E+00    5.1758E-01    2.4000E-01        88     21     12      6   0.57    8.2147E-01    3.4202E+01
   238      7    942.0000     42.1369      253.9670       19.2940    52.3240    28.8247    3.4853E+00    4.7445E-01    2.5500E-01        82     22     11      4   0.55    8.2965E-01    3.3961E+01
   230      7    945.0000     44.9374      247.8730       19.5940    53.7690    27.1676    3.6734E+00    4.4848E-01    2.4000E-01        76     20     10      4   0.53    9.8855E-01    3.7001E+01
   223      7    949.0000     35.9765      242.7710       29.3040    63.5220    28.3845    3.1961E+00    5.3767E-01    4.3500E-01        73     24      9      7   0.55    8.3968E-01    3.4282E+01
   210      8    952.0000     32.1969      231.9350       29.6720    62.4270    28.0712    3.0156E+00    3.8417E-01    3.0000E-01        71     26      7      6   0.52    8.8711E-01    3.7164E+01
   199      7    956.0000     29.2825      222.0760       20.6180    59.8110    27.2755    2.8685E+00    5.5634E-01    1.6500E-01        69     25      9      4   0.48    8.0282E-01    3.3657E+01
   186      8    959.0000     29.6135      208.8590       19.5620    51.1760    26.6597    2.9314E+00    6.4751E-01    1.5000E-01        64     15      8      4   0.47    1.3052E+00    3.4808E+01
   179      8    962.0000     32.5188      204.3030       48.4940    52.1540    26.6516    3.1587E+00    9.4208E-01    1.1700E+00        60     11      9     15   0.46    1.3299E+00    3.3844E+01
   164      8    966.0000     33.5741      188.8760       11.8440    46.5500    26.1520    3.2865E+00    3.1029E-01    2.8500E-01        55     13      5      2   0.41    1.8087E+00    3.5810E+01
   160      8    969.0000     32.7400      183.4550       19.1420    44.8420    25.7457    3.2409E+00    5.8831E-01    4.0500E-01        52     10      7      4   0.40    1.5729E+00    3.1859E+01
   151      9    973.0000     28.5992      173.2390       31.6760    38.8120    23.5183    2.9917E+00    8.4545E-01    9.9000E-01        49     10      8      9   0.36    1.6864E+00    3.2282E+01
   149      8    976.0000     36.1113      168.9200       18.8380    36.3260    24.0825    3.4891E+00    6.3602E-01    3.7500E-01        49     15      9      5   0.39    1.3995E+00    2.9812E+01
   147      8    980.0000     33.4888      167.3070       12.0160    38.4300    24.8235    3.3300E+00    6.6127E-01    2.8500E-01        49     13      8      3   0.40    1.5831E+00    3.2385E+01
   135      9    983.0000     27.5185      156.6440       27.1540    29.6130    24.6553    2.9827E+00    3.8493E-01    4.0500E-01        44     11      6      6   0.37    1.8583E+00    3.4735E+01
   128      9    987.0000     21.2761      152.6340       36.0680    26.4000    24.1827    2.5579E+00    7.4369E-01    9.4500E-01        41      9      7      9   0.35    1.7165E+00    3.3761E+01
   126      8    990.0000     19.4777      149.0320       19.7300    23.8200    23.8450    2.4113E+00    4.5691E-01    3.0000E-01        43     11      7      5   0.38    1.2957E+00    3.5103E+01
   122      8    994.0000     16.5263      143.7860       29.6400    22.7070    23.5043    2.1699E+00    2.3225E-01    2.8500E-01        42     16      6      7   0.39    1.1872E+00    3.5062E+01
   117      9    997.0000     15.7691      141.2640       29.0220    22.0490    23.6768    2.1345E+00    4.1543E-01    5.5500E-01        42     12      5      6   0.40    1.1580E+00    3.3941E+01
   112      8   1001.0000     21.7804      134.9420       33.0700    17.5480    23.5410    2.6638E+00    7.2742E-01    7.5000E-01        44     12      8     10   0.36    1.2713E+00    3.0541E+01
   108      9   1004.0000     29.2925      133.1240       37.9680    16.6160    22.7809    3.2891E+00    8.4425E-01    9.7500E-01        42      9      6      9   0.36    1.6753E+00    3.4737E+01
   105      9   1007.0000     36.0499      129.6880       23.4600    15.5540    22.8148    3.7964E+00    6.8989E-01    7.9500E-01        40      7      6      6   0.37    2.2040E+00    3.5868E+01
   102     10   1011.0000     36.1746      128.3370       30.7780    15.6360    21.6842    3.8459E+00    6.0225E-01    6.6000E-01        36      7      5      6   0.47    2.5915E+00    3.6983E+01
    96     10   1014.0000     30.9427      122.4400       24.6000    13.8150    20.9086    3.5135E+00    1.0812E+00    1.0950E+00        33      4      6      6   0.65    2.4504E+00    3.7403E+01
