 10027    473      0.0000     38.1705     6275.7010      730.8160     0.0000     9.4807    1.1706E+00    4.7824E-01    3.6000E-01      4793   3917    946    476   2.90    1.1995E-01    5.7380E+00
 10013    482      3.0000     37.3502     6263.2560     1664.4400     0.0000    12.1984    1.1539E+00    4.4586E-01    4.9500E-01      4475   3654    747    930   3.05    1.3693E-01    1.4190E+01
 10010    484      6.0000     51.0269     6072.9930     1110.8340    31.1190    87.4746    1.4064E+00    5.6287E-01    5.4000E-01      4544   2623    748    664   2.84    1.4170E-01    2.1068E+01
 10000    486     10.0000     56.0838     5838.0300     1403.3660    75.5930    92.2455    1.4792E+00    6.1893E-01    6.7500E-01      4420   2291    741    923   2.94    1.6992E-01    6.4810E+00
  9993    485     13.0000     64.3229     5685.6940     1363.2900     3.4820    84.9225    1.6072E+00    6.1931E-01    6.6000E-01      4491   2064    704    837   2.58    1.7624E-01    2.1459E+01
  9990    485     17.0000     63.5117     5639.5120     1105.2060     7.0890    81.1465    1.5896E+00    6.0975E-01    6.0000E-01      4284   1894    628    610   2.52    1.7353E-01    1.5727E+01
  9988    485     20.0000     68.8366     5600.8460     1384.9460    11.3600    88.7254    1.6736E+00    6.2538E-01    7.0500E-01      4345   1729    617    811   2.44    1.7107E-01    1.2139E+01
  9988    484     24.0000     72.2396     5548.6840     1373.1500    13.5460    94.0424    1.7229E+00    6.5452E-01    7.2000E-01      4328   1640    610    794   2.57    1.5265E-01    1.3904E+01
  9983    483     27.0000     72.1270     5511.3650      956.6580    13.5270    93.3568    1.7178E+00    6.4318E-01    6.0000E-01      4243   1642    607    505   2.50    1.7702E-01    2.5777E+01
  9978    481     31.0000     77.5457     5467.7440     1012.8720     8.9000    92.8533    1.7985E+00    6.5339E-01    6.3000E-01      4193   1488    574    525   2.31    1.9194E-01    4.1309E+01
  9977    480     34.0000     80.6446     5417.9450     1364.0660     9.1540    83.5698    1.8406E+00    6.7327E-01    7.5000E-01      4279   1409    537    686   2.46    2.0751E-01    2.5402E+01
  9968    479     38.0000     87.8555     5345.2440      996.7660     5.0840    86.2399    1.9410E+00    6.9676E-01    6.7500E-01      4253   1355    560    520   2.41    2.0052E-01    3.5370E+01
  9964    477     41.0000     89.5242     5310.3680     1254.1060     3.6120    88.1960    1.9617E+00    7.0532E-01    7.6500E-01      4280   1302    556    683   2.30    2.3881E-01    3.4840E+01
  9961    478     45.0000     90.0719     5287.7210     1139.4700    13.9940    86.7375    1.9672E+00    6.9930E-01    7.3500E-01      4219   1213    540    596   2.38    2.1641E-01    2.1395E+01
  9958    475     48.0000     92.7318     5262.6980     1101.1260    11.3830    82.2493    2.0029E+00    6.7296E-01    6.9000E-01      4204   1222    473    511   2.25    2.0908E-01    2.8913E+01
  9958    474     51.0000     95.9731     5219.2200      696.4920    18.6480    89.6723    2.0437E+00    7.3137E-01    5.8500E-01      4181   1126    533    320   2.57    1.7112E-01    3.5584E+01
  9951    474     55.0000     97.8822     5211.7790     1003.3560    18.3120    89.8594    2.0706E+00    7.3050E-01    7.2000E-01      4195   1148    562    538   2.20    2.2532E-01    1.8508E+01
  9949    472     58.0000     98.0282     5193.6170     1088.6660    17.5570    88.2722    2.0705E+00    6.6293E-01    6.9000E-01      4145   1144    451    482   2.19    2.0906E-01    3.6550E+01
  9944    473     62.0000     98.7824     5180.9490      763.4720    16.3610    91.8082    2.0800E+00    7.0698E-01    6.0000E-01      4109   1125    516    346   2.18    2.3136E-01    2.8179E+01
  9943    472     65.0000    100.0869     5154.4730      755.3000    17.3510    89.2980    2.0948E+00    7.1846E-01    5.8500E-01      4117   1088    508    323   2.18    1.8274E-01    2.7474E+01
  9943    472     69.0000    102.1202     5148.9440      910.9200    19.8490    87.9081    2.1223E+00    7.2860E-01    6.9000E-01      4070   1041    544    474   2.17    2.2214E-01    4.5328E+01
  9943    469     72.0000    103.9541     5121.9380      920.7300    23.8980    89.4053    2.1439E+00    7.3368E-01    6.7500E-01      4051   1029    530    443   2.12    1.9602E-01    2.4827E+01
  9940    470     76.0000    103.8539     5092.5910      807.4380    35.2310    89.1989    2.1388E+00    7.5111E-01    6.6000E-01      4003   1001    533    400   2.12    2.0339E-01    2.5947E+01
  9939    468     79.0000    103.0304     5077.4040      763.0180    42.9130    85.3357    2.1255E+00    6.8008E-01    6.0000E-01      3954   1072    492    370   2.15    2.0663E-01    2.6560E+01
  9939    468     83.0000    105.5923     5072.5470      831.1080    50.2050    82.6176    2.1599E+00    7.1779E-01    6.3000E-01      3924   1005    466    354   2.14    1.9483E-01    2.4991E+01
  9938    468     86.0000    110.3411     5058.3790      715.4100    54.2950    86.0895    2.2222E+00    7.4154E-01    6.1500E-01      3956    925    471    294   2.11    2.2319E-01    4.7387E+01
  9936    467     90.0000    111.8408     5051.6630      674.6220    58.3610    91.3456    2.2416E+00    7.0767E-01    5.8500E-01      3902    977    464    296   2.11    1.9031E-01    2.1847E+01
  9935    466     93.0000    111.7385     5032.6940      714.5160    50.2930    91.6098    2.2375E+00    7.2723E-01    6.1500E-01      3931    904    450    295   2.14    1.8846E-01    5.8078E+01
  9932    464     96.0000    115.1917     5021.6440      620.6840    48.3090    91.8484    2.2821E+00    7.3807E-01    5.5500E-01      3911    933    463    242   2.15    1.8322E-01    4.5923E+01
  9923    464    100.0000    119.8517     4991.7840      965.4820    43.3860    91.3209    2.3399E+00    7.5558E-01    7.5000E-01      3959    819    442    432   2.11    2.6702E-01    2.8441E+01
  9920    463    103.0000    117.8390     4983.6240      832.5420    45.4290    91.0854    2.3127E+00    7.4140E-01    6.7500E-01      3941    921    475    382   2.14    2.0609E-01    2.9424E+01
  9898    462    107.0000    120.2600     4955.5190      864.1860    45.8290    91.1954    2.3430E+00    7.3246E-01    6.7500E-01      3959    846    450    379   2.10    2.3376E-01    2.9611E+01
  9882    461    110.0000    119.2397     4929.9880      678.1240    46.8870    90.2297    2.3279E+00    7.2177E-01    5.7000E-01      3850    861    428    260   2.09    1.9818E-01    3.2838E+01
  9877    461    114.0000    121.9219     4920.1440      623.7620    51.9400    90.2036    2.3618E+00    7.0062E-01    5.4000E-01      3860    855    420    237   2.10    1.8923E-01    2.0823E+01
  9865    462    117.0000    122.8089     4908.3630      933.3500    50.7280    90.7829    2.3730E+00    7.2492E-01    7.0500E-01      3833    850    417    387   2.05    2.4171E-01    5.0377E+01
  9849    459    121.0000    120.9964     4886.8820      670.9700    43.9380    90.8286    2.3484E+00    7.5105E-01    6.3000E-01      3849    813    441    291   2.05    2.3523E-01    2.8621E+01
  9838    458    124.0000    121.2808     4864.3240      508.0000    39.7410    89.0117    2.3500E+00    7.3592E-01    4.9500E-01      3832    887    462    191   2.10    2.5351E-01    3.0357E+01
  9832    459    128.0000    128.4072     4848.1430      792.7540    29.7730    90.1360    2.4393E+00    7.3498E-01    6.4500E-01      3815    758    416    319   2.12    2.2160E-01    4.4065E+01
  9823    458    131.0000    135.0056     4836.9770      135.5780    32.3650    90.4168    2.5216E+00    7.7237E-01    2.8500E-01      3866    802    454     44   2.08    2.2573E-01    2.0738E+01
  9822    456    135.0000    124.0351     4832.4770      894.1620    42.7400    87.4632    2.3825E+00    7.4390E-01    7.2000E-01      3789    840    437    404   2.10    2.1565E-01    3.7210E+01
  9815    456    138.0000    132.1561     4823.4290      454.7520    50.5680    88.9111    2.4849E+00    7.2836E-01    4.9500E-01      3849    794    399    171   2.13    2.0482E-01    3.6221E+01
  9804    455    142.0000    131.9113     4812.6260      652.8340    54.7530    90.3623    2.4816E+00    7.6417E-01    6.1500E-01      3859    785    421    246   2.11    2.5237E-01    4.6195E+01
  9779    453    145.0000    136.1249     4785.1110      545.6720    53.9080    88.5094    2.5331E+00    7.4930E-01    5.5500E-01      3728    773    417    211   1.99    2.1248E-01    3.0063E+01
  9766    454    148.0000    133.5643     4773.3280      792.2260    59.8420    86.2169    2.5011E+00    6.7620E-01    6.0000E-01      3785    796    374    286   1.98    2.3642E-01    2.4125E+01
  9763    454    152.0000    130.9273     4765.2240      732.9960    62.9900    89.7339    2.4672E+00    7.1258E-01    6.4500E-01      3729    792    395    299   2.02    2.5752E-01    2.3782E+01
  9763    453    155.0000    136.5618     4758.1450      552.9560    60.4650    85.1515    2.5362E+00    7.0258E-01    5.2500E-01      3764    798    384    197   2.09    2.2742E-01    3.8082E+01
  9761    454    159.0000    141.9028     4747.9910      122.4900    57.5780    88.1079    2.6003E+00    7.1318E-01    2.2500E-01      3766    779    407     26   2.10    1.7544E-01    5.2211E+01
  9757    453    162.0000    140.8219     4739.1360      747.6240    61.4630    89.4818    2.5861E+00    7.1729E-01    6.1500E-01      3745    771    400    292   2.13    2.1295E-01    3.9715E+01
  9740    452    166.0000    138.9054     4721.5000      585.0900    70.7110    89.5761    2.5621E+00    7.3160E-01    5.2500E-01      3751    745    406    205   2.13    2.0926E-01    3.6153E+01
  9722    452    169.0000    134.2750     4702.5660      490.8600    77.8930    89.3767    2.5042E+00    7.2427E-01    4.6500E-01      3721    767    368    149   2.20    2.0292E-01    4.3323E+01
  9707    450    173.0000    140.7969     4692.4200      656.2460    75.2520    89.7974    2.5851E+00    7.2007E-01    5.5500E-01      3661    789    393    230   2.23    2.0190E-01    4.1195E+01
  9672    449    176.0000    151.6875     4681.8070      251.2520    71.1770    89.6112    2.7204E+00    7.3914E-01    3.0000E-01      3742    727    393     62   2.11    1.8636E-01    6.3580E+01
  9637    447    180.0000    140.5526     4665.7130      618.2640    63.6020    88.9875    2.5881E+00    7.5210E-01    5.8500E-01      3714    750    410    237   2.08    2.2225E-01    5.9449E+01
  9630    446    183.0000    140.5665     4653.2300      221.7160    67.6310    87.1211    2.5871E+00    7.8573E-01    3.3000E-01      3638    721    416     54   2.17    1.9120E-01    6.5087E+01
  9622    445    187.0000    149.5209     4632.8210      527.9900    67.9170    89.1865    2.6932E+00    7.8998E-01    5.8500E-01      3681    661    406    202   2.18    2.3680E-01    2.9077E+01
  9579    445    190.0000    152.8443     4617.5640      683.7880    56.5160    89.2078    2.7371E+00    8.3681E-01    7.2000E-01      3679    625    422    311   2.06    2.7349E-01    2.6976E+01
  9561    445    193.0000    148.6050     4606.8190      550.0100    68.3610    89.1340    2.6871E+00    7.8683E-01    6.1500E-01      3688    671    401    217   2.02    2.0701E-01    3.6735E+01
  9531    444    197.0000    150.7295     4589.2800      568.0180    60.0910    88.7692    2.7142E+00    8.3494E-01    6.6000E-01      3712    619    401    224   2.01    2.4898E-01    2.4550E+01
  9522    444    200.0000    152.0721     4580.8120      660.2660    58.1940    88.4891    2.7302E+00    7.5483E-01    6.3000E-01      3591    661    384    258   2.06    2.5405E-01    4.0921E+01
  9504    444    204.0000    157.0281     4562.7350      729.5860    67.6610    88.0191    2.7886E+00    7.8393E-01    6.7500E-01      3676    632    401    298   2.02    2.5057E-01    2.3582E+01
  9477    443    207.0000    152.3687     4549.5860      576.1980    76.8440    88.7803    2.7351E+00    7.7322E-01    6.1500E-01      3602    635    387    242   1.95    2.1214E-01    3.5211E+01
  9458    441    211.0000    144.7095     4537.8340      679.9320    75.5090    88.6735    2.6435E+00    7.7224E-01    6.7500E-01      3533    666    397    292   2.01    2.4392E-01    4.0947E+01
  9450    441    214.0000    153.6486     4529.5770      670.3040    72.3950    86.2118    2.7509E+00    8.4199E-01    7.0500E-01      3586    576    390    268   2.09    2.5161E-01    3.8871E+01
  9441    439    218.0000    158.1802     4514.3520      497.2220    74.0320    86.8760    2.8032E+00    7.5274E-01    5.4000E-01      3553    601    345    170   2.05    2.2839E-01    3.2568E+01
  9423    438    221.0000    156.0673     4502.3210      421.1480    78.0200    88.5627    2.7788E+00    7.7623E-01    4.9500E-01      3547    603    378    133   1.95    2.3612E-01    4.8783E+01
  9415    438    225.0000    153.4259     4495.3050      362.1340    80.3200    87.4233    2.7473E+00    7.8476E-01    4.6500E-01      3538    642    372    117   1.97    2.0977E-01    5.7364E+01
  9409    437    228.0000    156.3214     4489.5430      676.0560    73.1940    86.5272    2.7816E+00    7.8422E-01    6.6000E-01      3563    613    381    271   2.08    2.6360E-01    4.7878E+01
  9401    437    232.0000    158.7328     4483.5690      457.6940    62.5320    87.7037    2.8103E+00    7.8273E-01    5.2500E-01      3500    614    369    152   2.11    2.3859E-01    2.7750E+01
  9397    437    235.0000    161.2958     4476.4540      484.8580    77.5780    85.3675    2.8396E+00    8.0434E-01    5.7000E-01      3522    564    357    169   2.06    2.3277E-01    4.3312E+01
  9394    436    239.0000    156.9518     4475.6380      421.5060    92.6490    87.8670    2.7888E+00    7.5763E-01    4.6500E-01      3532    623    358    125   2.11    2.3238E-01    4.5790E+01
  9373    434    242.0000    147.5610     4465.5320      376.6620    92.1640    87.6969    2.6779E+00    7.5731E-01    4.5000E-01      3456    611    353    125   2.20    2.0188E-01    4.3761E+01
  9348    433    245.0000    162.8470     4449.5580      582.3800    93.0720    88.1462    2.8608E+00    8.0846E-01    6.4500E-01      3489    574    371    229   2.24    2.2209E-01    3.4807E+01
  9308    431    249.0000    162.7412     4431.6260      523.8380   109.7820    87.8377    2.8629E+00    7.9820E-01    5.8500E-01      3452    597    383    192   2.16    2.1321E-01    3.8673E+01
  9246    426    252.0000    157.8168     4403.7770      395.6320   102.1910    87.7210    2.8100E+00    6.9510E-01    4.0500E-01      3365    629    329    120   2.01    1.9747E-01    4.9979E+01
  9196    423    256.0000    151.7653     4382.0240      484.3300    90.7860    87.7652    2.7418E+00    7.5848E-01    5.4000E-01      3378    630    359    174   1.99    2.2131E-01    2.3276E+01
  9181    421    259.0000    161.4396     4368.6320      638.3180    80.5060    87.0087    2.8570E+00    8.0191E-01    6.7500E-01      3424    569    371    260   2.07    2.3938E-01    2.8053E+01
  9178    421    263.0000    160.2809     4365.0830      299.9380    75.4520    85.9162    2.8431E+00    7.7067E-01    4.2000E-01      3389    587    362    101   2.11    1.7586E-01    3.8617E+01
  9173    420    266.0000    166.8015     4357.4580      423.8500    68.9680    87.5615    2.9189E+00    7.8787E-01    4.9500E-01      3415    574    361    145   2.05    2.1591E-01    4.6140E+01
  9159    420    270.0000    164.4603     4344.9480      541.9260    62.4910    87.1802    2.8913E+00    7.7274E-01    5.7000E-01      3475    618    373    200   2.05    2.0404E-01    4.1965E+01
  9147    419    273.0000    166.2413     4335.9540      468.3300    77.2360    84.7541    2.9124E+00    7.3244E-01    5.1000E-01      3399    638    344    163   2.14    2.2251E-01    4.3022E+01
  9139    419    277.0000    171.5213     4328.2350       99.3020    98.4520    86.2582    2.9735E+00    7.9699E-01    2.5500E-01      3323    518    342     33   2.13    2.1591E-01    2.7536E+01
  9110    418    280.0000    169.9795     4313.2200      411.6940   124.0200    86.7689    2.9577E+00    7.8336E-01    4.8000E-01      3303    565    340    133   2.06    2.2417E-01    2.9025E+01
  9029    410    284.0000    167.6699     4276.9890      469.6480   100.2950    86.9319    2.9379E+00    7.4205E-01    5.2500E-01      3345    571    334    166   1.90    2.3167E-01    4.4246E+01
  8981    406    287.0000    152.5276     4249.5860      229.1840    91.2900    86.8279    2.7610E+00    7.4322E-01    3.0000E-01      3240    599    341     57   1.95    1.5796E-01    5.4649E+01
  8935    406    290.0000    174.4836     4226.3750      321.5460    86.8240    86.7321    3.0235E+00    8.4578E-01    4.8000E-01      3362    511    361    111   2.07    2.2622E-01    3.3837E+01
  8907    406    294.0000    178.0853     4212.1450      130.8260    94.2800    86.4658    3.0672E+00    8.2351E-01    2.8500E-01      3293    525    342     35   1.93    2.1394E-01    4.1988E+01
  8882    403    297.0000    172.1723     4197.3160      466.4840   104.6050    86.5870    3.0003E+00    8.1364E-01    5.8500E-01      3263    550    364    176   1.87    2.4747E-01    3.7463E+01
  8857    401    301.0000    169.0721     4183.2940      534.6600    98.0340    86.2298    2.9658E+00    7.9386E-01    6.4500E-01      3281    569    355    211   1.90    2.4347E-01    3.6519E+01
  8839    400    304.0000    164.3966     4173.3320      544.5540    89.9610    85.7761    2.9120E+00    8.1015E-01    6.6000E-01      3285    523    351    223   2.06    2.6189E-01    4.0172E+01
  8819    399    308.0000    178.3428     4146.7750      487.5980    72.2190    85.7531    3.0720E+00    8.0511E-01    6.3000E-01      3265    509    347    191   2.01    2.5790E-01    3.2709E+01
  8799    398    311.0000    179.1753     4137.1370      361.0400    76.3600    84.7126    3.0832E+00    7.9234E-01    4.8000E-01      3298    578    359    133   1.98    2.1141E-01    2.5702E+01
  8782    398    315.0000    174.0332     4118.8190      627.7040    80.6320    85.8117    3.0229E+00    8.6576E-01    7.6500E-01      3232    515    371    279   1.93    2.5554E-01    2.0698E+01
  8772    397    318.0000    175.7979     4115.4870      428.9220    82.5340    84.1579    3.0445E+00    8.1922E-01    5.7000E-01      3259    527    361    162   2.02    2.3432E-01    3.3440E+01
  8764    396    322.0000    176.6602     4111.1990      275.5860    93.6640    85.8199    3.0550E+00    7.8690E-01    4.5000E-01      3213    541    340     96   2.17    1.9355E-01    3.7086E+01
  8744    395    325.0000    182.6040     4097.7360      478.1480   102.5660    85.5646    3.1239E+00    8.6350E-01    6.3000E-01      3277    491    361    189   2.17    2.6676E-01    2.9801E+01
  8701    394    329.0000    179.0605     4079.9910      369.7520   111.7230    85.5028    3.0878E+00    8.1254E-01    5.2500E-01      3175    479    339    131   1.95    2.2602E-01    3.7108E+01
  8654    394    332.0000    170.6886     4062.3700      535.6540   107.3450    84.8099    2.9960E+00    8.1401E-01    6.7500E-01      3175    540    373    242   1.89    2.6901E-01    3.7537E+01
  8633    394    335.0000    177.4942     4053.3190      437.9160   105.4470    85.5868    3.0772E+00    7.9496E-01    5.7000E-01      3173    536    352    174   1.99    2.7971E-01    2.9405E+01
  8614    393    339.0000    179.8183     4042.6890      417.8640    97.0090    85.4580    3.1052E+00    8.4519E-01    5.4000E-01      3151    474    344    136   1.97    2.5324E-01    3.9575E+01
  8590    393    342.0000    182.3764     4031.5770      431.3060   104.0840    85.3332    3.1369E+00    7.9879E-01    5.2500E-01      3140    498    328    156   1.90    2.5193E-01    3.0198E+01
  8567    393    346.0000    172.6518     4019.9810      601.6620   112.8280    85.1329    3.0262E+00    7.7431E-01    6.7500E-01      3092    498    322    234   1.80    2.9082E-01    2.3409E+01
  8564    393    349.0000    172.0040     4019.4460      602.5140   115.0620    84.2207    3.0191E+00    7.7560E-01    6.9000E-01      3103    548    333    243   1.87    2.7252E-01    3.3177E+01
  8563    392    353.0000    176.8300     4014.6060      421.5560   109.4130    84.2514    3.0743E+00    8.0264E-01    5.8500E-01      3120    472    321    162   1.98    2.2998E-01    2.8687E+01
  8553    392    356.0000    182.6821     4009.4580      229.4060   108.7090    84.6477    3.1425E+00    8.8353E-01    3.7500E-01      3115    467    354     70   2.02    2.5258E-01    3.7353E+01
  8545    390    360.0000    194.5345     4005.1880      250.0460   125.2900    84.3507    3.2777E+00    8.7478E-01    4.2000E-01      3083    418    318     73   1.93    2.2425E-01    4.4269E+01
  8524    388    363.0000    172.5198     3994.1310      369.0260   137.8380    85.1381    3.0270E+00    8.7456E-01    5.4000E-01      3022    456    343    132   1.92    2.3612E-01    4.3580E+01
  8492    387    367.0000    174.3424     3980.8400      299.0880   135.7480    84.9851    3.0516E+00    8.6520E-01    4.9500E-01      3123    464    355    101   1.96    2.2978E-01    3.7485E+01
  8468    386    370.0000    187.9535     3972.1000      393.6320   126.7180    84.9192    3.2114E+00    8.7858E-01    5.5500E-01      3064    447    347    142   2.03    2.9445E-01    3.0304E+01
  8422    386    374.0000    184.0514     3957.4080      383.0200   111.6510    84.8657    3.1730E+00    8.3484E-01    5.5500E-01      3041    465    329    141   2.12    2.7031E-01    3.4242E+01
  8351    381    377.0000    187.0072     3924.4490      190.9160    97.8560    84.3116    3.2138E+00    8.8620E-01    3.9000E-01      3065    432    335     61   2.03    2.2100E-01    3.7735E+01
  8297    381    381.0000    172.1248     3904.2660      412.1920    99.9560    84.4188    3.0473E+00    8.5690E-01    6.0000E-01      2984    436    319    149   1.95    2.7191E-01    4.6965E+01
  8273    379    384.0000    163.1893     3896.1610      617.3080    89.8850    83.2699    2.9438E+00    8.5632E-01    7.3500E-01      3060    471    339    250   2.16    3.1716E-01    2.4401E+01
  8270    379    387.0000    177.9457     3893.4570      416.9520    84.9480    83.7067    3.1187E+00    8.0769E-01    5.5500E-01      3024    462    317    153   2.24    2.4870E-01    2.8626E+01
  8258    378    391.0000    199.2982     3885.8840      517.3640    88.6360    84.3042    3.3641E+00    8.5182E-01    7.0500E-01      3043    443    326    218   2.17    2.7484E-01    2.7400E+01
  8200    376    394.0000    190.8135     3861.5850      347.4700    82.8910    84.0280    3.2745E+00    8.5466E-01    5.8500E-01      2956    441    324    135   1.96    2.5131E-01    2.4981E+01
  8164    376    398.0000    176.4937     3848.4360      367.7600    78.0170    83.7537    3.1130E+00    8.8073E-01    5.5500E-01      2986    439    347    128   1.95    2.6673E-01    3.4200E+01
  8140    374    401.0000    181.9746     3840.2110      376.0380    76.8200    83.3492    3.1804E+00    8.9847E-01    6.0000E-01      2996    391    331    127   2.05    2.4996E-01    5.0674E+01
  8106    373    405.0000    191.3317     3826.0720      466.2760    80.3560    83.2497    3.2925E+00    8.5735E-01    6.4500E-01      2976    432    321    175   2.02    2.6662E-01    3.3324E+01
  8059    371    408.0000    186.5222     3810.4710      347.4800    96.5270    83.7650    3.2437E+00    8.8412E-01    5.7000E-01      2868    423    320    126   1.95    2.6754E-01    3.5670E+01
  8002    369    412.0000    172.8612     3790.7470      252.1400   110.4630    83.3394    3.0907E+00    8.6887E-01    4.3500E-01      2843    402    309     79   1.80    2.6081E-01    2.8055E+01
  7955    366    415.0000    173.2033     3774.9070      435.6120   114.7180    83.6028    3.1012E+00    8.1975E-01    6.1500E-01      2862    468    310    165   1.80    2.9630E-01    3.0563E+01
  7919    364    419.0000    168.4483     3760.4010      434.3960   108.2050    83.0407    3.0483E+00    8.8037E-01    6.4500E-01      2844    415    321    163   1.94    2.6883E-01    4.3616E+01
  7895    360    422.0000    175.4700     3752.5620      448.8160   110.3370    83.2776    3.1358E+00    8.7110E-01    6.6000E-01      2828    444    329    174   1.99    2.6746E-01    2.5472E+01
  7851    360    426.0000    187.7278     3735.1080      274.2900   100.0190    83.2858    3.2858E+00    8.2548E-01    4.6500E-01      2850    428    302     99   1.87    2.5296E-01    3.0557E+01
  7810    358    429.0000    166.5476     3717.4010      280.3520    90.2970    83.0575    3.0382E+00    8.0938E-01    4.6500E-01      2774    474    295     98   1.78    2.0641E-01    3.4988E+01
  7768    355    432.0000    168.6880     3700.4740      207.6460    65.7700    82.9701    3.0692E+00    8.2870E-01    4.2000E-01      2844    430    307     71   1.85    2.6339E-01    4.3053E+01
  7750    355    436.0000    172.1113     3693.4450      375.3920    48.8110    82.3699    3.1128E+00    8.0089E-01    5.5500E-01      2785    459    308    132   2.00    2.3726E-01    3.7441E+01
  7749    355    439.0000    176.8439     3693.2710      399.6380    48.5300    74.1639    3.1698E+00    8.4218E-01    5.5500E-01      2848    438    308    137   1.99    2.3406E-01    4.4852E+01
  7749    355    443.0000    181.9523     3687.1490      318.5200    58.8740    77.8878    3.2288E+00    8.0048E-01    5.1000E-01      2829    454    304    111   1.94    2.1885E-01    3.8746E+01
  7745    354    446.0000    172.8841     3684.9740      273.6560    89.3110    78.6496    3.1209E+00    8.0378E-01    4.3500E-01      2795    458    313     95   1.96    2.3164E-01    2.9842E+01
  7737    354    450.0000    172.1794     3679.8500      371.5440   103.0620    80.5766    3.1129E+00    8.1546E-01    5.4000E-01      2741    397    291    126   2.07    2.5809E-01    3.2314E+01
  7718    351    453.0000    172.9776     3669.8690      232.8040   123.4340    82.7686    3.1241E+00    7.8079E-01    4.2000E-01      2721    437    285     82   2.14    2.2331E-01    3.9645E+01
  7669    349    457.0000    179.4318     3649.3430      303.3200   158.6880    82.6181    3.2073E+00    8.0733E-01    4.5000E-01      2677    407    288     95   2.12    2.6014E-01    3.6258E+01
  7597    343    460.0000    169.3986     3620.3590      253.9840   165.9000    82.3418    3.0954E+00    7.8288E-01    4.2000E-01      2600    441    294     76   2.03    2.3241E-01    3.4835E+01
  7467    337    464.0000    155.0411     3562.9260      346.9620   131.4870    82.0613    2.9318E+00    7.7196E-01    5.4000E-01      2620    440    280    125   2.03    2.6191E-01    2.7169E+01
  7382    335    467.0000    158.6359     3537.8790      130.4560   112.6550    81.6432    2.9898E+00    8.0598E-01    2.4000E-01      2569    440    298     35   2.19    1.9459E-01    4.4939E+01
  7328    333    471.0000    173.1033     3510.4230      358.3640   103.0560    81.4823    3.1743E+00    7.7687E-01    5.1000E-01      2639    417    281    125   2.02    2.2823E-01    2.9773E+01
  7288    332    474.0000    170.2798     3493.5940      188.8080    94.9580    81.4098    3.1447E+00    7.6937E-01    3.6000E-01      2559    449    279     53   1.88    2.3415E-01    4.5625E+01
  7274    332    478.0000    173.3379     3487.0980      141.7420    94.1550    80.1235    3.1838E+00    8.4552E-01    2.5500E-01      2587    407    298     43   1.89    2.0819E-01    3.9486E+01
  7266    332    481.0000    169.7633     3490.9830      230.6820    85.7910    81.1800    3.1431E+00    8.3080E-01    4.0500E-01      2576    417    293     72   2.04    2.1684E-01    3.6830E+01
  7233    332    484.0000    185.8877     3472.5200      345.7020    72.7510    81.1468    3.3420E+00    8.9464E-01    5.5500E-01      2600    417    311    123   1.98    2.2903E-01    2.8895E+01
  7190    330    488.0000    185.3676     3451.4640      167.5300    88.4500    80.8958    3.3406E+00    8.7253E-01    3.9000E-01      2587    373    291     51   1.86    2.6520E-01    3.4394E+01
  7160    329    491.0000    184.9613     3436.8040      285.7180    99.5490    80.3448    3.3391E+00    8.9072E-01    4.9500E-01      2504    366    292    104   1.78    2.2616E-01    3.2347E+01
  7126    328    495.0000    173.2025     3427.8830      257.3560   127.0300    80.2339    3.2022E+00    7.7035E-01    4.8000E-01      2544    397    264     95   1.78    2.6492E-01    2.9663E+01
  7093    327    498.0000    164.1440     3416.1770      433.8580   150.1980    80.5262    3.0944E+00    8.6318E-01    6.4500E-01      2452    378    278    164   1.80    2.8238E-01    2.9340E+01
  7055    325    502.0000    165.2485     3392.0600      363.0780   142.4230    80.6908    3.1106E+00    8.2073E-01    5.5500E-01      2451    386    275    136   1.91    2.6104E-01    3.3870E+01
  6992    322    505.0000    168.5422     3371.1000      316.3620   138.4070    80.3318    3.1618E+00    8.2085E-01    5.1000E-01      2462    366    267    114   1.96    2.4994E-01    3.0476E+01
  6900    314    509.0000    162.8540     3336.8850      298.9460   115.2790    80.2291    3.1036E+00    8.4243E-01    5.1000E-01      2413    378    271    108   1.84    2.5021E-01    2.8453E+01
  6834    311    512.0000    153.1900     3311.1190      268.8200    94.8210    79.8516    2.9886E+00    7.9564E-01    4.6500E-01      2382    386    262     84   1.73    2.3834E-01    3.5352E+01
  6813    311    516.0000    156.0241     3303.1880      266.5760    83.9280    79.9293    3.0284E+00    8.4116E-01    4.8000E-01      2452    391    282     99   2.01    2.0661E-01    3.7478E+01
  6807    311    519.0000    156.9046     3301.2760      234.6260    69.4300    78.6571    3.0407E+00    8.1517E-01    4.5000E-01      2371    395    263     71   1.97    2.4267E-01    3.3770E+01
  6802    311    523.0000    173.3702     3299.8660      115.6820    62.8280    79.2428    3.2508E+00    8.3244E-01    3.1500E-01      2415    380    267     33   1.79    2.6232E-01    3.6665E+01
  6800    311    526.0000    165.7368     3299.4920      272.6220    51.5320    78.6838    3.1551E+00    8.3426E-01    4.5000E-01      2434    396    281     95   1.77    2.2010E-01    3.1659E+01
  6800    311    529.0000    159.1954     3299.4790      170.1360    31.0840    71.3607    3.0715E+00    8.4000E-01    3.4500E-01      2431    406    289     50   1.86    1.8509E-01    3.3787E+01
  6800    311    533.0000    178.1478     3299.4650      143.9520    18.8760    56.2955    3.3107E+00    8.6841E-01    3.4500E-01      2487    352    285     43   1.89    2.3641E-01    3.8187E+01
  6800    311    536.0000    180.2947     3299.4490      191.2880    41.2990    68.6721    3.3372E+00    8.1395E-01    3.6000E-01      2415    382    265     60   1.88    2.0301E-01    2.7080E+01
  6800    311    540.0000    175.1548     3299.4400      177.5400   106.7490    76.5871    3.2735E+00    7.9173E-01    3.3000E-01      2376    390    256     51   1.90    2.0304E-01    3.5488E+01
  6790    311    543.0000    158.1842     3297.3510      249.3640   187.0410    79.0293    3.0605E+00    8.0570E-01    4.0500E-01      2258    403    261     76   1.91    2.3736E-01    2.9307E+01
  6725    309    547.0000    154.9871     3277.7060      382.6280   197.2540    79.5649    3.0300E+00    8.2647E-01    5.8500E-01      2276    376    257    135   1.95    2.6847E-01    3.1110E+01
  6654    304    550.0000    150.1547     3252.0690      376.7220   188.8080    79.3721    2.9773E+00    7.6464E-01    5.5500E-01      2226    406    248    134   2.05    2.8589E-01    3.2451E+01
  6551    299    554.0000    157.6975     3217.1310      222.8940   167.6550    79.2339    3.0931E+00    7.6995E-01    4.0500E-01      2222    404    255     77   2.07    2.3278E-01    3.5637E+01
  6444    295    557.0000    149.2499     3175.9710      223.2900   135.2690    78.9245    2.9974E+00    7.3071E-01    3.9000E-01      2223    411    244     72   1.80    2.1512E-01    3.4970E+01
  6393    295    561.0000    151.9927     3161.6180      249.1100   121.3170    78.6813    3.0435E+00    7.5173E-01    4.2000E-01      2214    418    253     82   1.91    2.2827E-01    3.8972E+01
  6380    295    564.0000    148.9532     3155.7300      174.1480   107.4710    78.2966    3.0045E+00    6.9710E-01    3.3000E-01      2249    397    227     50   2.08    1.9198E-01    3.3985E+01
  6376    295    568.0000    156.7710     3154.0250      233.5360    88.2210    78.3864    3.1093E+00    7.6484E-01    4.2000E-01      2220    366    249     76   2.12    2.4043E-01    4.3077E+01
  6372    295    571.0000    151.6085     3153.0250      274.9320   101.5400    77.7954    3.0414E+00    7.3430E-01    4.5000E-01      2221    383    232     92   2.12    2.2331E-01    3.6358E+01
  6361    294    575.0000    154.1415     3146.4420      235.4080   102.1700    78.1023    3.0761E+00    7.5844E-01    4.0500E-01      2244    407    233     66   2.09    2.0870E-01    4.2940E+01
  6306    293    578.0000    152.6787     3124.5210      179.6320    84.6190    78.2549    3.0650E+00    7.0461E-01    3.1500E-01      2212    397    228     54   2.22    1.7940E-01    3.7879E+01
  6242    291    581.0000    153.8999     3099.8140      219.2860    74.1170    78.1834    3.0914E+00    6.8417E-01    3.3000E-01      2216    401    225     67   2.22    2.0573E-01    3.1628E+01
  6174    283    585.0000    158.7987     3074.5730      200.4720   104.4040    77.9600    3.1682E+00    7.5544E-01    4.2000E-01      2155    385    240     63   2.13    2.3394E-01    4.2568E+01
  6098    282    588.0000    151.4745     3049.7300      179.3260   151.3500    77.6636    3.0839E+00    6.9493E-01    3.4500E-01      2105    378    222     57   1.97    2.0973E-01    3.5318E+01
  5985    279    592.0000    135.7030     3009.8710      291.4720   137.8160    77.5417    2.8845E+00    6.8435E-01    4.3500E-01      1993    416    233     99   1.87    2.4849E-01    3.0771E+01
  5930    276    595.0000    127.9083     2988.8600      143.2560   125.0590    76.9426    2.7814E+00    6.6110E-01    2.7000E-01      2065    427    224     46   2.03    1.7459E-01    3.6346E+01
  5906    273    599.0000    134.1018     2979.1440      300.1600   122.7830    77.2138    2.8741E+00    7.5136E-01    4.9500E-01      2036    410    231    114   2.04    2.3813E-01    3.2895E+01
  5893    269    602.0000    148.6259     2969.8770      282.3420   115.5600    77.1735    3.0788E+00    7.8467E-01    5.1000E-01      2058    376    233     94   1.89    2.8284E-01    3.6109E+01
  5872    267    606.0000    152.3047     2957.2030      237.7060   107.9100    76.8097    3.1315E+00    7.4772E-01    4.2000E-01      2028    382    234     86   1.91    2.4299E-01    3.2560E+01
  5852    267    609.0000    158.9988     2950.4820      351.1340   101.5300    76.9063    3.2265E+00    8.0832E-01    5.8500E-01      2015    345    234    129   1.90    2.7218E-01    2.5589E+01
  5804    267    613.0000    158.5795     2935.5930      313.5960   101.4700    76.3566    3.2308E+00    7.0685E-01    4.9500E-01      2023    387    208    103   1.78    2.5849E-01    2.9098E+01
  5758    266    616.0000    157.9413     2916.3190      245.9520    99.2850    76.6607    3.2300E+00    7.5433E-01    4.6500E-01      1996    392    234     88   1.71    2.2120E-01    3.1733E+01
  5725    265    620.0000    154.7315     2904.9660      118.3800   119.3410    76.5707    3.1925E+00    7.0641E-01    2.7000E-01      1955    381    219     34   1.62    1.9005E-01    3.7974E+01
  5678    264    623.0000    142.3565     2886.4250       75.7920   124.5450    76.2341    3.0280E+00    7.5233E-01    2.7000E-01      1950    372    222     26   1.55    2.4523E-01    2.9861E+01
  5657    263    626.0000    145.4407     2877.3150      196.9060   128.7640    76.3346    3.0749E+00    6.7626E-01    3.4500E-01      1957    372    216     66   1.56    1.9786E-01    3.0109E+01
  5625    263    630.0000    148.8356     2867.2660      175.2660   123.8600    75.8030    3.1292E+00    6.9152E-01    3.0000E-01      1925    343    205     51   1.56    2.0319E-01    3.6589E+01
  5614    262    633.0000    146.3015     2856.2610      192.0220   114.9310    75.8138    3.0932E+00    7.1975E-01    3.4500E-01      1943    333    205     53   1.59    2.1570E-01    4.0391E+01
  5611    261    637.0000    152.0251     2852.6950      153.2380   105.5440    75.5204    3.1730E+00    7.5060E-01    3.6000E-01      1935    363    218     55   1.61    2.0196E-01    3.1339E+01
  5600    261    640.0000    150.3589     2846.3180      136.8700   103.9220    75.4254    3.1510E+00    6.8924E-01    2.8500E-01      1935    353    207     45   1.65    1.7289E-01    3.6579E+01
  5587    260    644.0000    147.1746     2839.4390       61.8180   101.7570    75.1118    3.1080E+00    6.9081E-01    1.8000E-01      1937    372    218     22   1.86    1.7111E-01    2.8352E+01
  5571    259    647.0000    138.2503     2831.9520      225.4940    95.8370    75.6311    2.9834E+00    6.9605E-01    3.6000E-01      1919    399    209     70   2.06    2.2564E-01    3.8782E+01
  5563    259    651.0000    131.3642     2830.1870      147.0500    75.4280    75.6827    2.8853E+00    6.8168E-01    3.1500E-01      1972    402    216     46   2.16    2.2300E-01    3.6750E+01
  5559    258    654.0000    138.7633     2826.9530      287.3700    65.8700    75.4481    2.9928E+00    7.1772E-01    4.8000E-01      1966    370    221     97   2.02    2.2791E-01    3.7392E+01
  5548    258    658.0000    158.2747     2820.5960      229.3660    66.1910    73.9144    3.2684E+00    6.7599E-01    3.9000E-01      1973    367    211     72   1.84    2.1737E-01    2.9238E+01
  5544    258    661.0000    169.6705     2812.6840      203.4600    78.9660    74.6756    3.4217E+00    7.8382E-01    4.2000E-01      1953    321    217     64   1.75    2.4695E-01    3.6902E+01
  5530    257    665.0000    168.0358     2805.7730      138.5680   110.8120    74.5882    3.4019E+00    7.7118E-01    3.4500E-01      1890    349    222     38   1.68    2.4357E-01    4.3641E+01
  5505    255    668.0000    155.0493     2797.9820      117.0320   142.1380    75.4874    3.2298E+00    8.3469E-01    3.3000E-01      1854    322    222     36   1.60    2.6158E-01    3.8140E+01
  5461    254    671.0000    154.9547     2783.1590      174.3480   167.7650    75.1487    3.2378E+00    8.2690E-01    4.5000E-01      1824    313    223     69   1.52    2.2895E-01    3.1231E+01
  5428    253    675.0000    143.3421     2770.0160      208.2780   186.1170    75.3231    3.0799E+00    8.0072E-01    4.3500E-01      1797    329    214     75   1.53    2.2867E-01    3.2483E+01
  5418    252    678.0000    142.6674     2766.0040      167.5620   218.3870    74.9947    3.0720E+00    7.1443E-01    3.7500E-01      1757    348    201     55   1.62    2.3020E-01    3.5031E+01
  5402    252    682.0000    145.1794     2758.4190      235.8180   233.8750    74.8989    3.1105E+00    7.3334E-01    4.3500E-01      1748    317    200     81   1.73    2.3912E-01    3.0927E+01
  5369    251    685.0000    138.7598     2743.9440      223.6900   224.5560    75.0781    3.0235E+00    7.2938E-01    4.2000E-01      1739    348    206     78   1.87    2.2959E-01    2.3372E+01
  5339    247    689.0000    134.2240     2731.2900      133.8240   207.9690    74.7716    2.9623E+00    6.9365E-01    2.8500E-01      1717    348    200     45   2.09    1.9115E-01    3.0288E+01
  5310    247    692.0000    137.4814     2718.4080      163.7740   204.9580    74.7226    3.0148E+00    7.4269E-01    3.7500E-01      1732    338    202     51   2.19    2.4715E-01    3.3818E+01
  5282    245    696.0000    134.5671     2706.8580      161.3800   193.0980    74.6613    2.9770E+00    7.0584E-01    3.4500E-01      1736    341    197     56   2.32    2.2325E-01    2.5642E+01
  5275    245    699.0000    129.3715     2702.3270      230.2760   135.9920    74.0441    2.9004E+00    7.9841E-01    4.3500E-01      1793    341    217     84   2.54    2.4375E-01    2.7780E+01
  5275    245    703.0000    141.5821     2700.4620      323.6960    89.9050    64.0589    3.0795E+00    7.5477E-01    5.7000E-01      1872    336    211    121   2.87    2.9220E-01    2.8994E+01
  5266    244    706.0000    155.7488     2695.3560      197.2360    97.3910    73.5200    3.2828E+00    8.2569E-01    4.6500E-01      1832    302    212     69   2.87    2.4903E-01    3.2359E+01
  5162    238    710.0000    164.2931     2652.3230      230.5340   103.2490    74.3524    3.4229E+00    8.3634E-01    4.5000E-01      1749    295    200     77   2.53    2.3931E-01    3.4277E+01
  5011    235    713.0000    160.1024     2594.7860      206.6140    83.8840    73.7020    3.3979E+00    7.5347E-01    4.0500E-01      1741    306    194     69   2.09    2.2445E-01    3.3897E+01
  4932    230    717.0000    142.4941     2557.5390      249.2160    87.1760    73.4359    3.1577E+00    7.5349E-01    4.6500E-01      1705    330    206     89   2.00    2.4653E-01    3.6101E+01
  4883    229    720.0000    122.1215     2536.0170      317.6580   164.1590    73.1415    2.8575E+00    7.5699E-01    6.0000E-01      1648    326    193    123   2.00    2.6493E-01    3.0315E+01
  4827    227    723.0000    121.2678     2518.3510      286.6800   199.2890    73.0363    2.8566E+00    7.8996E-01    6.1500E-01      1583    315    194    110   1.88    2.8532E-01    2.9556E+01
  4780    227    727.0000    122.9618     2498.5710      217.3220   206.2350    72.7123    2.8919E+00    7.6562E-01    5.1000E-01      1558    314    196     92   1.97    2.5884E-01    2.7425E+01
  4731    225    730.0000    121.6102     2481.0440      286.2140   216.8930    72.6178    2.8810E+00    7.4020E-01    5.8500E-01      1500    321    181    110   1.94    2.8385E-01    2.9830E+01
  4717    225    734.0000    129.1293     2475.2490      253.3060   213.0750    72.5083    3.0014E+00    7.4645E-01    5.4000E-01      1504    311    177     89   1.88    2.7358E-01    3.0641E+01
  4692    225    737.0000    129.0063     2467.1880      327.7380   191.3840    72.3603    3.0055E+00    7.8969E-01    6.6000E-01      1512    296    184    129   1.82    3.0081E-01    3.0718E+01
  4656    225    741.0000    135.2624     2456.3820      316.0080   157.0750    72.1987    3.1112E+00    7.4052E-01    6.4500E-01      1539    312    181    121   1.79    3.3628E-01    2.6483E+01
  4626    223    744.0000    137.8623     2440.7280      269.1980   123.5730    72.0101    3.1560E+00    7.9323E-01    6.1500E-01      1548    286    188    107   1.85    3.4546E-01    2.4540E+01
  4575    221    748.0000    134.9772     2423.9200      238.4220   123.2140    72.0375    3.1246E+00    8.0553E-01    5.8500E-01      1543    279    189     87   1.80    3.3864E-01    3.3829E+01
  4537    220    751.0000    139.9133     2410.6170      162.2360   142.5240    70.5996    3.2099E+00    8.0967E-01    4.5000E-01      1505    271    185     56   1.74    2.5875E-01    2.8822E+01
  4500    219    755.0000    125.9103     2393.9040      218.0900   160.7740    71.7949    2.9992E+00    7.6269E-01    5.4000E-01      1449    317    177     79   1.71    2.8094E-01    3.5811E+01
  4465    217    758.0000    119.3759     2381.4070      236.7980   182.5810    71.6919    2.9025E+00    7.3552E-01    5.4000E-01      1480    304    166     86   1.76    2.7027E-01    3.2523E+01
  4437    214    762.0000    122.7178     2368.0270      291.6380   193.0940    71.4566    2.9616E+00    7.3552E-01    6.0000E-01      1409    294    177    113   1.89    3.0792E-01    3.1976E+01
  4363    210    765.0000    121.9470     2340.4440      256.2360   190.8420    71.3452    2.9664E+00    7.3084E-01    5.7000E-01      1397    311    179     96   2.05    3.2442E-01    3.2482E+01
  4266    207    768.0000    113.4456     2307.0370      184.2640   170.3760    70.9636    2.8501E+00    7.0529E-01    4.6500E-01      1396    289    166     68   2.05    2.3523E-01    2.4297E+01
  4232    206    772.0000    106.5045     2294.7690      149.7380   149.6440    70.4798    2.7404E+00    7.4442E-01    4.0500E-01      1398    291    171     45   2.42    2.5417E-01    3.6475E+01
  4228    206    775.0000    115.2296     2291.8600      167.4940   139.6480    70.4865    2.8884E+00    7.5161E-01    4.6500E-01      1416    284    170     60   2.77    2.8013E-01    2.7937E+01
  4216    205    779.0000    125.8715     2286.4920      204.8180   148.3340    70.0739    3.0663E+00    7.4949E-01    4.3500E-01      1389    270    170     64   2.72    2.7246E-01    3.1944E+01
  4174    205    782.0000    128.5276     2268.7450      244.2440   167.1210    70.1335    3.1192E+00    7.0402E-01    5.2500E-01      1357    298    167     91   2.53    2.7331E-01    3.2342E+01
  4032    199    786.0000    114.6646     2214.5120      237.4920   143.8290    69.9354    2.9252E+00    6.8981E-01    4.8000E-01      1308    286    163     81   2.13    2.7374E-01    3.0196E+01
  3932    197    789.0000    115.0627     2173.7600      176.2900   140.3630    69.1664    2.9564E+00    7.3659E-01    4.6500E-01      1303    275    156     61   1.93    2.5456E-01    3.3061E+01
  3841    196    793.0000    117.8902     2146.7300      187.4820   160.1320    69.1801    3.0327E+00    6.9714E-01    4.5000E-01      1257    294    140     62   1.77    2.7417E-01    2.8868E+01
  3738    187    796.0000    111.9149     2104.2090      216.6180   157.9260    68.8704    2.9558E+00    6.3649E-01    4.6500E-01      1230    320    154     80   1.70    2.5895E-01    2.5369E+01
  3645    182    800.0000    113.9507     2068.0600      245.0460   159.3060    68.4198    3.0177E+00    6.8215E-01    5.5500E-01      1217    273    138     85   1.58    2.9817E-01    2.9686E+01
  3560    180    803.0000    107.9771     2027.1230      247.9700   143.6910    67.9694    2.9315E+00    6.4150E-01    5.1000E-01      1189    293    141     91   1.44    2.7566E-01    2.9244E+01
  3505    178    807.0000    100.4059     2004.7140      186.7300   132.1940    67.6580    2.8075E+00    6.3983E-01    4.3500E-01      1162    291    144     67   1.51    2.8726E-01    2.9106E+01
  3452    176    810.0000    104.9529     1982.6550      122.4640   117.2650    67.2447    2.9063E+00    6.9375E-01    3.6000E-01      1166    284    141     39   1.57    2.7736E-01    3.1677E+01
  3399    174    814.0000    101.9379     1963.3510      172.8560   112.6770    66.7793    2.8664E+00    6.2059E-01    3.7500E-01      1144    285    140     57   1.49    2.4069E-01    2.9043E+01
  3356    168    817.0000    100.4030     1943.2230      180.3420   100.3980    66.8358    2.8486E+00    6.1851E-01    4.3500E-01      1129    285    138     64   1.49    2.6812E-01    3.0057E+01
  3332    167    820.0000     94.8194     1931.7560      249.1700    96.6520    66.5125    2.7479E+00    6.3133E-01    4.9500E-01      1145    292    142     90   1.64    2.6437E-01    2.4922E+01
  3328    167    824.0000     85.9012     1929.7560      153.1480    72.4320    65.4840    2.5737E+00    5.6031E-01    3.4500E-01      1134    318    134     51   1.93    2.2428E-01    3.3229E+01
  3328    167    827.0000     96.4573     1929.6330      140.0680    36.8140    53.4711    2.7803E+00    6.2757E-01    3.4500E-01      1189    283    134     42   2.07    2.5882E-01    3.7086E+01
  3328    167    831.0000    109.5072     1926.6640      171.9560    18.7610    47.6651    3.0242E+00    6.6552E-01    3.9000E-01      1181    277    141     57   2.08    2.4710E-01    3.1874E+01
  3328    167    834.0000    105.5057     1923.6780      148.5980    34.8990    64.6679    2.9486E+00    5.9851E-01    3.3000E-01      1138    269    138     49   2.12    2.2997E-01    3.1459E+01
  3292    167    838.0000    107.0519     1910.8600      173.0220    49.0280    66.4017    2.9893E+00    6.1718E-01    3.9000E-01      1166    282    132     58   2.01    2.4974E-01    3.2130E+01
  3248    167    841.0000     99.8243     1891.2100      133.9460    83.8940    65.8849    2.8654E+00    6.0245E-01    3.3000E-01      1107    278    134     44   1.93    2.1441E-01    3.1745E+01
  3205    166    845.0000     89.5653     1871.8320       99.4440   157.5490    65.4856    2.6768E+00    5.7282E-01    2.8500E-01      1035    282    126     30   1.97    2.2274E-01    3.7366E+01
  3087    165    848.0000     85.9780     1820.3200      105.6900   144.3040    65.6143    2.6368E+00    5.7766E-01    2.8500E-01       998    239    117     35   1.89    1.9665E-01    3.2906E+01
  2921    157    852.0000     79.8210     1752.3980      140.3940    99.6310    64.8286    2.5575E+00    5.6522E-01    3.3000E-01       979    292    125     44   1.60    2.3872E-01    3.6044E+01
  2840    153    855.0000     71.1626     1720.2920      142.9040    80.1080    64.2880    2.3926E+00    5.2993E-01    3.4500E-01       991    318    115     44   1.47    2.7597E-01    3.4117E+01
  2813    153    859.0000     68.6764     1708.4990      152.3140    67.4530    63.7225    2.3440E+00    5.5109E-01    3.6000E-01       957    296    123     50   1.51    2.5267E-01    3.2740E+01
  2813    153    862.0000     69.6486     1708.4900      115.4980    43.3660    59.9681    2.3661E+00    5.3880E-01    2.7000E-01      1002    336    123     34   1.87    1.8670E-01    3.6497E+01
  2813    153    865.0000     69.8274     1708.4740      145.1800    16.7190    51.0151    2.3701E+00    5.8183E-01    3.0000E-01      1000    282    128     47   2.07    2.1558E-01    3.3673E+01
  2813    153    869.0000     80.3495     1708.1290      210.8660     1.7540    39.4296    2.6024E+00    5.8425E-01    4.2000E-01      1015    288    122     66   1.95    2.6374E-01    3.3397E+01
  2813    153    872.0000     83.0187     1706.9730      147.3540    15.3280    49.4547    2.6591E+00    5.7819E-01    3.6000E-01      1001    259    120     48   1.80    2.5268E-01    3.0454E+01
  2810    153    876.0000     82.1882     1705.8530       78.8020    39.1830    61.9235    2.6424E+00    5.3595E-01    2.7000E-01       981    286    119     26   1.73    2.2997E-01    3.3049E+01
  2786    153    879.0000     81.0859     1696.5740       92.0660    64.9620    63.7747    2.6268E+00    5.4530E-01    2.4000E-01       960    289    113     28   1.60    2.0247E-01    3.7446E+01
  2755    151    883.0000     77.7713     1682.0710       79.4780    83.1330    63.2723    2.5638E+00    4.9764E-01    1.9500E-01       948    273    108     25   1.58    1.5942E-01    3.0709E+01
  2714    148    886.0000     72.4501     1668.5570      100.4260   109.4360    63.3523    2.4599E+00    5.0008E-01    2.1000E-01       905    264    109     31   1.61    1.8755E-01    3.1945E+01
  2658    146    890.0000     63.9650     1644.7370      117.6020    99.8810    63.2291    2.2800E+00    5.0588E-01    2.7000E-01       896    310    109     39   1.54    1.9989E-01    3.1220E+01
  2643    146    893.0000     57.6023     1634.9760      123.4920    75.0470    62.8752    2.1288E+00    4.6351E-01    2.4000E-01       911    312    106     34   2.01    1.8150E-01    3.6660E+01
  2643    146    897.0000     77.1970     1633.7180       89.4740    48.3910    63.0891    2.5871E+00    5.0710E-01    2.1000E-01       947    272    110     24   1.96    1.9341E-01    3.6933E+01
  2643    146    900.0000     95.5545     1633.2020      114.0220    35.5650    61.8572    2.9821E+00    5.7375E-01    2.2500E-01       943    266    112     32   1.85    1.8483E-01    3.6202E+01
  2641    146    904.0000     91.4145     1628.0130       96.8560    42.6240    57.1485    2.8935E+00    4.9296E-01    2.2500E-01       911    256    110     28   1.79    1.8925E-01    3.5283E+01
  2636    146    907.0000     91.9989     1626.8040       70.2320    76.4000    63.0121    2.9083E+00    5.4759E-01    1.5000E-01       924    247    108     21   1.81    1.4191E-01    3.3370E+01
  2599    143    911.0000     82.1787     1611.0810       70.2960   110.6590    62.9135    2.7105E+00    5.3681E-01    1.8000E-01       872    250    104     19   1.69    1.8001E-01    3.6950E+01
  2547    139    914.0000     76.0222     1589.1500      111.1400   135.1420    62.5633    2.5914E+00    5.0359E-01    2.7000E-01       822    243    106     38   1.55    1.9716E-01    2.9639E+01
  2488    134    917.0000     76.3784     1563.3130      108.7480   143.1530    62.3499    2.6201E+00    5.6258E-01    3.0000E-01       812    264    102     36   1.49    2.4199E-01    3.1685E+01
  2413    128    921.0000     74.1793     1534.6740       63.6280   136.8350    61.6055    2.5987E+00    5.1642E-01    1.9500E-01       774    239    101     17   1.48    2.1004E-01    3.7476E+01
  2334    124    924.0000     69.9461     1500.4870       96.9280   120.9690    61.4947    2.5276E+00    5.8101E-01    2.8500E-01       755    254    103     30   1.38    2.3302E-01    3.0272E+01
  2265    123    928.0000     68.9769     1472.8100      154.4320   107.0970    60.8939    2.5316E+00    5.8045E-01    3.9000E-01       773    248    100     50   1.32    2.6018E-01    3.4768E+01
  2221    120    931.0000     68.4385     1450.4950       76.9340    96.8700    60.6745    2.5337E+00    5.5865E-01    2.4000E-01       749    243    101     25   1.37    2.0982E-01    3.0127E+01
  2171    117    935.0000     68.0387     1431.0450       59.3780    86.9820    60.2247    2.5452E+00    5.5402E-01    2.2500E-01       763    230     96     18   1.53    2.4507E-01    3.2538E+01
  2152    116    938.0000     54.3607     1423.9070      109.0120    73.3130    60.2790    2.1988E+00    5.5233E-01    2.8500E-01       733    240    102     34   1.75    2.0970E-01    3.1227E+01
  2151    114    942.0000     58.6312     1416.9280       50.2280    50.3500    59.2130    2.3094E+00    6.1632E-01    2.2500E-01       780    243    110     18   1.95    2.4623E-01    2.8997E+01
  2153    115    945.0000     76.6677     1423.8830      154.0420    35.3100    56.1200    2.7646E+00    5.8901E-01    3.7500E-01       793    226    102     51   1.88    2.5303E-01    3.5507E+01
  2153    115    949.0000     75.5254     1423.8430       76.1160    40.7440    51.1440    2.7370E+00    5.8591E-01    2.2500E-01       758    228     99     20   1.85    2.1586E-01    3.8058E+01
  2148    114    952.0000     72.0915     1417.4030       56.6720    72.3410    58.6856    2.6529E+00    5.6017E-01    2.2500E-01       723    219    100     16   1.86    2.5533E-01    3.6481E+01
  2108    111    956.0000     68.5873     1397.4920      100.7000    93.6890    59.7018    2.5816E+00    6.6322E-01    3.6000E-01       730    199    100     35   1.70    2.7527E-01    2.8928E+01
  2073    107    959.0000     61.5294     1384.2880      132.0620   123.2910    59.7916    2.4165E+00    6.1328E-01    4.0500E-01       674    229    104     46   1.68    2.8348E-01    3.0914E+01
  2004    107    962.0000     63.1420     1352.2530       98.7920   130.3250    59.1838    2.4868E+00    6.0491E-01    4.0500E-01       668    212     94     38   1.56    2.9094E-01    2.4962E+01
  1938    103    966.0000     61.9921     1316.4710       90.1600   119.2350    58.6303    2.4813E+00    6.4235E-01    3.7500E-01       649    194     91     31   1.47    2.8723E-01    3.1185E+01
  1865    103    969.0000     50.0794     1283.1600      143.7040   115.5450    57.9556    2.1808E+00    5.4789E-01    4.2000E-01       607    204     90     55   1.45    2.6686E-01    2.9075E+01
  1780     99    973.0000     55.0871     1243.8940      207.3440    95.9890    57.7024    2.3614E+00    6.3669E-01    5.8500E-01       612    196     82     70   1.42    3.7361E-01    3.0818E+01
  1731     98    976.0000     50.4602     1222.6760      188.1520    92.2140    57.3173    2.2497E+00    5.4819E-01    5.1000E-01       593    208     86     70   1.44    3.3879E-01    2.7203E+01
  1698     95    980.0000     41.5524     1200.4330      212.6740    73.5930    56.6199    1.9859E+00    5.9455E-01    5.7000E-01       588    243     87     81   1.35    3.2322E-01    2.9824E+01
  1697     95    983.0000     44.3590     1200.3040      157.5720    64.5930    54.8179    2.0750E+00    5.5335E-01    4.6500E-01       591    225     91     59   1.48    2.6949E-01    2.9984E+01
  1698     94    987.0000     48.6705     1200.2900      105.0780    44.2030    51.0229    2.2066E+00    5.8813E-01    3.6000E-01       606    221     89     38   1.54    2.7395E-01    2.8245E+01
  1698     94    990.0000     54.3773     1200.0010      106.5640    20.1250    43.0907    2.3757E+00    6.4011E-01    4.5000E-01       630    200     92     36   1.65    2.7079E-01    3.4440E+01
  1698     94    994.0000     54.8163     1198.8810      103.9200     4.4920    41.8157    2.3877E+00    6.0079E-01    3.6000E-01       632    218     89     33   1.71    2.8224E-01    3.5092E+01
  1698     94    997.0000     60.0613     1197.4940      182.3500    14.4050    50.2640    2.5367E+00    5.6368E-01    4.8000E-01       634    201     84     59   1.67    3.1787E-01    3.2255E+01
  1694     94   1001.0000     56.5825     1193.1670      118.8880    31.9930    56.4732    2.4381E+00    5.6197E-01    4.0500E-01       600    202     88     40   1.67    2.6545E-01    2.9139E+01
  1669     94   1004.0000     51.1432     1179.0760       52.9900    60.8470    55.9299    2.2893E+00    5.2882E-01    2.7000E-01       589    221     81     16   1.58    2.9236E-01    3.2437E+01
  1641     94   1007.0000     44.5348     1164.6560      108.6000   110.0140    56.1979    2.0990E+00    4.8723E-01    3.6000E-01       552    212     75     35   1.46    2.7133E-01    3.4654E+01
  1607     93   1011.0000     41.5660     1146.0380      111.1000   102.5350    55.8812    2.0176E+00    5.3377E-01    3.6000E-01       533    209     74     40   1.47    2.5007E-01    3.1593E+01
  1521     88   1014.0000     39.5828     1104.2610      151.5000    72.7370    55.5440    1.9895E+00    5.0725E-01    4.5000E-01       538    251     78     56   1.43    2.9513E-01    3.1578E+01
  1482     84   1018.0000     37.6778     1081.8790      139.5160    54.7600    55.0563    1.9402E+00    5.1878E-01    3.7500E-01       523    229     81     48   1.43    2.6886E-01    3.3534E+01
  1476     82   1021.0000     38.6765     1076.9530       76.6700    47.1440    54.9853    1.9759E+00    5.1427E-01    3.1500E-01       527    225     72     20   1.55    3.1345E-01    3.8335E+01
  1472     82   1025.0000     44.9876     1075.8020       63.3500    31.7460    50.5096    2.1879E+00    4.8885E-01    2.4000E-01       537    207     71     17   1.42    2.5432E-01    3.6368E+01
  1465     81   1028.0000     52.0611     1072.2080      100.7620    22.6040    52.5990    2.4154E+00    5.1870E-01    3.3000E-01       527    193     66     27   1.27    2.9526E-01    3.6621E+01
  1462     81   1032.0000     50.3489     1070.1640       61.7180    20.6150    50.5708    2.3633E+00    5.4975E-01    2.8500E-01       530    187     66     17   1.25    2.9197E-01    3.6626E+01
  1461     81   1035.0000     48.7742     1068.1160      110.9740    25.5520    50.6098    2.3132E+00    5.4639E-01    3.6000E-01       527    199     72     33   1.24    2.6619E-01    3.6353E+01
  1458     81   1039.0000     52.1323     1067.2100       59.4380    39.2600    52.4928    2.4203E+00    5.2082E-01    1.9500E-01       515    174     72     16   1.20    2.2637E-01    3.4787E+01
  1450     81   1042.0000     46.7111     1063.0940      108.3660    45.3730    53.3271    2.2535E+00    4.7647E-01    3.0000E-01       515    212     71     34   1.20    2.1706E-01    3.5135E+01
  1441     81   1046.0000     45.2092     1057.9700      112.2540    57.4980    53.8038    2.2091E+00    4.5340E-01    3.3000E-01       509    200     66     34   1.20    2.6263E-01    3.8306E+01
  1430     80   1049.0000     44.1698     1053.1820      114.4560    69.5980    54.5472    2.1812E+00    4.6371E-01    3.1500E-01       488    187     67     33   1.21    2.3789E-01    3.7569E+01
  1424     80   1053.0000     46.3486     1048.4310       81.4140    84.9280    54.5357    2.2543E+00    4.7410E-01    2.4000E-01       481    208     66     23   1.22    2.2424E-01    3.5401E+01
  1409     79   1056.0000     40.1362     1037.0500       72.5020    98.1230    54.1373    2.0528E+00    5.0495E-01    2.8500E-01       463    207     65     24   1.33    2.4552E-01    2.9020E+01
  1382     77   1059.0000     44.7435     1021.2600      124.3160    99.7690    53.9918    2.2198E+00    5.8898E-01    4.8000E-01       463    175     66     43   1.46    3.2218E-01    3.1790E+01
  1361     75   1063.0000     35.5118     1007.6410      144.3780    96.1510    53.5010    1.9107E+00    4.9894E-01    4.8000E-01       441    201     65     53   1.43    3.1086E-01    2.7513E+01
  1360     75   1066.0000     36.9329     1005.9770      112.9820    76.8850    50.9265    1.9611E+00    5.8583E-01    4.6500E-01       474    185     74     43   1.79    3.2379E-01    2.8883E+01
  1360     75   1070.0000     46.3192     1006.3380       70.0700    48.0810    69.0074    2.2809E+00    6.0893E-01    3.0000E-01       486    169     65     20   1.76    2.8885E-01    3.5035E+01
  1360     75   1073.0000     54.5236     1005.3000       56.2980    24.9830    69.0074    2.5420E+00    4.9695E-01    2.5500E-01       501    182     69     15   1.74    2.9811E-01    3.4938E+01
  1360     75   1077.0000     55.5708     1003.2990      123.8760    30.9010    45.9368    2.5727E+00    6.2588E-01    4.8000E-01       488    156     73     45   1.77    3.1596E-01    2.8235E+01
  1360     75   1080.0000     48.0544     1003.2880      154.8380    79.2790    50.3982    2.3351E+00    5.4209E-01    4.8000E-01       453    164     65     52   1.87    3.6788E-01    2.9312E+01
  1338     75   1084.0000     40.7443      992.6080      146.3020   123.3320    53.4080    2.1036E+00    5.6093E-01    5.1000E-01       420    187     68     54   1.88    3.6942E-01    2.8560E+01
  1262     72   1087.0000     40.7600      948.1770       78.8700   107.4100    52.6687    2.1412E+00    4.9260E-01    3.0000E-01       408    159     63     26   1.56    2.4353E-01    2.9972E+01
  1219     71   1091.0000     36.1405      924.1980       94.5740   102.9340    52.1038    1.9978E+00    5.3718E-01    4.3500E-01       389    180     63     36   1.49    3.2623E-01    2.8591E+01
  1156     68   1094.0000     34.9627      891.6900       32.1180    86.7280    51.5297    1.9890E+00    5.2134E-01    2.1000E-01       375    166     57     10   1.39    2.8659E-01    3.4753E+01
  1107     67   1098.0000     30.7835      862.9580      132.9580    71.2140    50.6098    1.8515E+00    4.6924E-01    4.0500E-01       365    180     57     48   1.41    2.9060E-01    3.0182E+01
  1067     67   1101.0000     30.6086      841.0010       89.7100    57.7300    50.6878    1.8666E+00    4.7094E-01    3.0000E-01       363    186     54     28   1.43    2.5074E-01    3.3740E+01
  1042     66   1104.0000     28.1975      829.3060      120.3480    52.8890    50.3725    1.7824E+00    5.1650E-01    4.5000E-01       359    179     54     41   1.24    3.1381E-01    2.9116E+01
  1034     64   1108.0000     27.2415      817.1210       80.0180    47.5090    69.0074    1.7407E+00    4.6961E-01    3.7500E-01       367    176     57     32   1.37    2.8646E-01    2.4872E+01
  1035     66   1111.0000     29.3262      822.7980       44.8140    17.1560    38.4223    1.8317E+00    4.8037E-01    2.2500E-01       375    178     55     14   1.57    2.7462E-01    3.2789E+01
  1035     66   1115.0000     34.9048      822.7920       60.7340     0.6410    27.4423    2.0572E+00    5.2898E-01    3.3000E-01       385    155     65     21   1.55    3.2459E-01    2.9010E+01
  1035     66   1118.0000     35.3998      824.6580      119.7740     4.6390    69.0074    2.0781E+00    5.0588E-01    4.3500E-01       390    168     55     39   1.53    3.2332E-01    2.7923E+01
  1035     66   1122.0000     37.8201      822.7770       36.8140    16.6820    46.7354    2.1702E+00    5.3551E-01    1.9500E-01       378    171     57      9   1.57    3.3290E-01    3.3793E+01
  1020     65   1125.0000     39.6437      813.0700       81.2240    21.9410    48.8699    2.2487E+00    5.2585E-01    3.6000E-01       370    162     57     29   1.64    2.9508E-01    3.0419E+01
   996     63   1129.0000     26.1493      802.3410      115.0340    58.7860    49.8635    1.7190E+00    4.7129E-01    4.2000E-01       341    188     57     41   1.42    3.3073E-01    2.6467E+01
   974     64   1132.0000     27.3725      791.6190      176.1780    76.7690    49.6781    1.7863E+00    5.8540E-01    6.4500E-01       317    143     51     64   1.36    4.0786E-01    2.8832E+01
   938     61   1136.0000     24.4953      769.6170      102.3140    69.2390    49.3665    1.6780E+00    4.9698E-01    4.3500E-01       316    176     47     33   1.36    3.2187E-01    2.7914E+01
   909     61   1139.0000     23.5485      755.8030      110.9240    61.6360    48.8436    1.6531E+00    4.5430E-01    4.2000E-01       308    172     54     43   1.13    3.2420E-01    2.4585E+01
   907     61   1143.0000     21.0146      752.6590       94.6200    49.7940    46.5482    1.5320E+00    4.4846E-01    3.7500E-01       313    174     50     35   1.65    2.6812E-01    2.5284E+01
   907     61   1146.0000     25.5942      752.6480      131.9280    25.6830    41.0305    1.7472E+00    4.4647E-01    3.9000E-01       333    170     46     40   1.74    2.8652E-01    3.1402E+01
   907     61   1150.0000     31.0898      752.6320       77.1800    18.5630    33.5983    1.9891E+00    4.5325E-01    3.0000E-01       331    163     45     22   1.60    2.8437E-01    3.5762E+01
   907     61   1153.0000     32.3638      752.6260       64.2180     7.7270    31.8026    2.0431E+00    4.8937E-01    3.0000E-01       334    162     52     23   1.53    2.6209E-01    2.8890E+01
   907     61   1156.0000     32.3156      752.6160       91.0560    22.4860    41.1737    2.0411E+00    4.5720E-01    3.6000E-01       323    152     48     30   1.48    3.0351E-01    3.2682E+01
   900     61   1160.0000     29.8182      749.3590       62.3100    33.3580    48.7016    1.9400E+00    4.7696E-01    2.8500E-01       318    152     48     23   1.49    2.6541E-01    2.7602E+01
   877     60   1163.0000     27.4964      735.3340       74.1540    50.3360    48.1589    1.8528E+00    4.2679E-01    2.7000E-01       304    151     45     21   1.43    2.5828E-01    3.5194E+01
   858     59   1167.0000     26.6422      724.0060       29.1860    73.9830    48.1981    1.8268E+00    3.5591E-01    9.0000E-02       293    158     41      7   1.44    2.3851E-01    3.4859E+01
   837     58   1170.0000     22.3994      713.0480       82.1280    82.5290    48.0542    1.6414E+00    3.7209E-01    2.7000E-01       269    163     39     26   1.36    2.3358E-01    2.7316E+01
   800     56   1174.0000     19.9080      689.4290       65.7440    64.7830    47.3132    1.5382E+00    3.7566E-01    2.4000E-01       266    164     41     20   1.36    2.3282E-01    3.2872E+01
   800     56   1177.0000     22.1950      687.7220       23.2620    60.7210    45.1166    1.6525E+00    3.9801E-01    1.2000E-01       272    142     38      6   1.69    2.1575E-01    3.1647E+01
   800     56   1181.0000     26.6820      684.5970       91.2620    53.2950    42.2708    1.8655E+00    4.5191E-01    3.7500E-01       276    151     43     28   1.62    3.3385E-01    3.2099E+01
   799     55   1184.0000     27.9080      684.3540      103.2020    55.9030    44.9773    1.9233E+00    4.1795E-01    3.7500E-01       271    143     41     35   1.57    3.0985E-01    3.0755E+01
   791     55   1188.0000     28.0430      680.0800       60.8640    52.6460    45.5822    1.9362E+00    4.0684E-01    2.2500E-01       270    151     41     18   1.42    2.4397E-01    3.3199E+01
   776     55   1191.0000     24.5459      667.9160       76.3840    58.4610    46.6079    1.7797E+00    4.4781E-01    3.7500E-01       265    139     40     24   1.25    3.1893E-01    3.1771E+01
   763     54   1195.0000     25.6818      659.3460       82.6040    63.0960    46.7377    1.8434E+00    3.8156E-01    3.0000E-01       267    130     40     26   1.21    2.7479E-01    3.1774E+01
   748     53   1198.0000     28.3917      650.8220      106.8900    70.6470    46.0109    1.9839E+00    3.6362E-01    3.4500E-01       256    143     38     33   1.28    2.9466E-01    2.9958E+01
   727     49   1201.0000     23.9114      633.6830       52.7980    69.2980    45.5490    1.7813E+00    3.6757E-01    2.8500E-01       241    133     39     17   1.21    2.9741E-01    3.1662E+01
   705     48   1205.0000     20.8849      621.4380       71.0500    68.3600    45.7004    1.6445E+00    3.8341E-01    2.8500E-01       241    140     37     23   1.22    2.5129E-01    3.0303E+01
   678     46   1208.0000     24.8782      603.2980       83.2180    60.5350    45.0088    1.8694E+00    4.2618E-01    3.1500E-01       231    135     34     25   1.23    2.8276E-01    3.2555E+01
   639     44   1212.0000     22.5371      581.3260       87.1980    50.5610    44.6670    1.7857E+00    4.0816E-01    3.6000E-01       224    125     34     25   1.15    3.3516E-01    3.3881E+01
   617     43   1215.0000     19.6535      566.2390       84.4900    40.1900    43.7679    1.6469E+00    3.7340E-01    3.1500E-01       216    142     34     25   1.08    2.6835E-01    3.2557E+01
   608     43   1219.0000     18.5976      562.2530       93.4200    38.6570    43.7066    1.5964E+00    2.8329E-01    2.7000E-01       228    161     33     29   1.09    2.3775E-01    3.3579E+01
   609     42   1222.0000     20.6033      562.2440       22.7020    33.3960    38.6417    1.7076E+00    2.8350E-01    1.0500E-01       231    129     35      7   1.26    2.0791E-01    3.4510E+01
   609     42   1226.0000     22.4333      562.2340       76.2560    10.3240    32.3874    1.8073E+00    3.7009E-01    3.1500E-01       232    139     38     25   1.27    2.7905E-01    2.8952E+01
   608     42   1229.0000     28.8405      559.9620       65.2760     3.0760    27.9048    2.1358E+00    4.1371E-01    3.4500E-01       239    117     38     22   1.29    3.1295E-01    3.1225E+01
   608     42   1233.0000     33.8007      557.9050       94.1840     7.7770    36.6571    2.3713E+00    4.3270E-01    3.7500E-01       241    111     38     31   1.26    3.0289E-01    2.9357E+01
   607     41   1236.0000     28.3779      554.8150       58.7600    14.8220    34.5051    2.1083E+00    5.1294E-01    3.1500E-01       233    127     38     19   1.23    3.1655E-01    3.1099E+01
   602     41   1240.0000     26.8657      551.6640       41.0840    21.8400    43.5909    2.0381E+00    3.8434E-01    2.2500E-01       228    114     36     14   1.16    2.8271E-01    2.9111E+01
   587     41   1243.0000     21.9930      540.9830       35.5920    28.6270    40.2640    1.7965E+00    4.2783E-01    2.2500E-01       220    123     34     12   1.03    2.7662E-01    2.8868E+01
   583     39   1247.0000     23.4258      537.6330       55.2940    51.0650    42.0302    1.8768E+00    5.2557E-01    3.1500E-01       220    114     37     19   1.14    3.2664E-01    2.8355E+01
   572     39   1250.0000     26.1310      530.3880       88.2420    60.0400    43.1677    2.0304E+00    4.4830E-01    4.2000E-01       208    103     33     30   1.08    3.4934E-01    3.1210E+01
   552     38   1253.0000     19.4299      515.4890       52.8360    58.8970    42.4295    1.6830E+00    3.8048E-01    2.7000E-01       196    111     33     18   1.02    2.8529E-01    2.9997E+01
   527     36   1257.0000     19.0954      497.1750       49.7760    47.6530    42.4560    1.6855E+00    3.9486E-01    2.8500E-01       190    105     30     15   1.04    3.5074E-01    3.2254E+01
   496     34   1260.0000     17.7173      477.5350       55.5680    33.6020    41.9937    1.6348E+00    4.1085E-01    3.0000E-01       188    106     32     21   0.93    2.8975E-01    2.5933E+01
   483     30   1264.0000     17.6794      466.8020       60.8560    26.1490    40.1013    1.6436E+00    3.9657E-01    3.6000E-01       188    120     32     23   0.98    3.4508E-01    2.5626E+01
   478     29   1267.0000     15.4200      464.4240       59.5500    29.7880    41.4592    1.5062E+00    3.6706E-01    3.1500E-01       183    126     28     20   1.05    3.1036E-01    2.9775E+01
   477     29   1271.0000     14.8819      462.1550       53.3920    23.6600    36.6367    1.4703E+00    4.1327E-01    2.4000E-01       184    104     30     15   1.06    2.5858E-01    3.2081E+01
   477     29   1274.0000     16.3083      461.2360      101.0020     8.7110    27.0923    1.5617E+00    4.1870E-01    4.5000E-01       191    124     34     38   1.12    3.2126E-01    2.8797E+01
   477     29   1278.0000     20.7896      461.2340       65.8220     0.9030    21.6580    1.8361E+00    4.2397E-01    3.4500E-01       197    119     32     22   1.08    3.0075E-01    3.0905E+01
   477     29   1281.0000     22.7112      461.2260       27.5520     0.7730    21.4512    1.9476E+00    4.1930E-01    1.8000E-01       196     99     33     10   1.05    3.0580E-01    2.7559E+01
   476     30   1285.0000     18.9149      461.2180       62.4960     0.7730    21.0912    1.7259E+00    4.5856E-01    3.9000E-01       186    115     32     21   1.04    3.6747E-01    2.9371E+01
   476     30   1288.0000     20.3585      461.2100       35.9680     5.9300    29.8562    1.8127E+00    4.1516E-01    2.1000E-01       190     96     31      9   1.06    3.3078E-01    3.0880E+01
   474     31   1292.0000     17.4557      459.2130       56.8140    23.7490    32.9790    1.6373E+00    3.5143E-01    2.7000E-01       180    114     29     18   1.04    2.7738E-01    3.0744E+01
   471     31   1295.0000     15.2181      456.7400       55.8200    49.4600    38.8848    1.4967E+00    3.5807E-01    2.5500E-01       169    107     28     19   1.02    2.6049E-01    2.8704E+01
   467     30   1298.0000     14.9144      450.7690       43.3840    58.8250    39.9303    1.4770E+00    3.0656E-01    1.9500E-01       158    103     28     16   1.15    2.1807E-01    2.7442E+01
   452     29   1302.0000     14.0124      437.4550       23.8360    58.9930    40.0735    1.4276E+00    2.6538E-01    1.6500E-01       153    110     26      8   1.17    2.2380E-01    2.8502E+01
   436     28   1305.0000     12.2104      424.0190       38.0880    51.5680    40.3529    1.3142E+00    3.1283E-01    1.6500E-01       153    116     24     11   1.09    2.5724E-01    3.1662E+01
   432     28   1309.0000     11.4330      420.9540       47.6440    49.6660    40.1988    1.2610E+00    3.3855E-01    2.5500E-01       146    112     21     14   0.94    3.1773E-01    3.6119E+01
   432     28   1312.0000     11.5490      419.7970       77.6760    43.5500    34.5635    1.2684E+00    3.3785E-01    3.4500E-01       149    116     25     26   1.34    2.8803E-01    3.2124E+01
   432     28   1316.0000     16.6912      419.2840       53.0880    31.5170    30.8825    1.6207E+00    2.7891E-01    1.9500E-01       161    101     24     15   1.17    2.3434E-01    3.3700E+01
   432     28   1319.0000     22.4994      418.5910       22.4800    12.3050    28.4826    1.9766E+00    3.3403E-01    1.0500E-01       168    100     28      7   0.99    2.3236E-01    3.0027E+01
   430     27   1323.0000     21.2090      415.7020       31.1980    11.9780    29.8717    1.9006E+00    3.9046E-01    2.2500E-01       163     98     30      9   0.91    3.3404E-01    2.9902E+01
   431     29   1326.0000     21.2497      417.3890       52.8000    16.4180    34.1612    1.9032E+00    4.3832E-01    3.6000E-01       163    103     26     16   0.89    3.8807E-01    3.0707E+01
   431     29   1330.0000     21.3111      417.3810       32.0620    22.3840    40.1899    1.9069E+00    3.0723E-01    2.1000E-01       160     98     26     10   0.92    2.5447E-01    3.0698E+01
   423     28   1333.0000     21.4894      409.6720       33.7720    33.0680    37.9772    1.9249E+00    2.7218E-01    1.8000E-01       155     92     25     11   0.94    2.3299E-01    3.0137E+01
   419     28   1337.0000     17.8212      408.0660       49.3320    50.2230    37.5707    1.7055E+00    3.1550E-01    2.7000E-01       146     87     23     16   0.98    2.9987E-01    2.9268E+01
   410     28   1340.0000     14.5418      401.0290       54.7640    51.9160    38.9779    1.4980E+00    2.7164E-01    2.5500E-01       135     95     22     17   1.01    2.6510E-01    3.2753E+01
   400     27   1343.0000     15.4302      393.9900       47.9960    47.8980    39.2869    1.5699E+00    3.0114E-01    2.1000E-01       138     97     22     14   1.29    2.7849E-01    3.2673E+01
   398     28   1347.0000     15.3097      392.8820       37.5160    36.9250    38.0856    1.5644E+00    3.0187E-01    2.2500E-01       138     96     21     11   1.61    3.0119E-01    3.4804E+01
   399     27   1350.0000     21.1172      391.7250       32.4820    27.0090    35.7166    1.9340E+00    3.0655E-01    1.3500E-01       146     93     24      9   1.55    2.3820E-01    3.2566E+01
   398     28   1354.0000     25.0198      391.7170       22.9140    35.0710    34.4130    2.1684E+00    3.5186E-01    1.2000E-01       146     77     25      7   1.62    2.6917E-01    2.9316E+01
   391     27   1357.0000     25.6731      387.0990       19.9460    40.9970    39.1798    2.2182E+00    3.7015E-01    9.0000E-02       140     74     24      6   1.61    2.6516E-01    3.0713E+01
   375     28   1361.0000     24.7173      376.8730       30.3280    54.2990    38.7009    2.1920E+00    2.9202E-01    1.6500E-01       135     76     19      8   1.41    3.0496E-01    3.4605E+01
   360     26   1364.0000     20.2398      364.9830       21.5940    60.0540    38.4757    1.9399E+00    2.7610E-01    1.0500E-01       126     72     19      6   1.37    2.9327E-01    3.1970E+01
   334     25   1368.0000     19.7314      342.3630       34.2320    50.4880    36.4063    1.9429E+00    2.7702E-01    2.2500E-01       117     70     18     10   1.21    2.9993E-01    3.2283E+01
   310     26   1371.0000     14.9445      325.3440       32.4600    50.8710    36.9278    1.6511E+00    2.8207E-01    1.3500E-01       112     69     16      8   1.06    3.4942E-01    3.3868E+01
   292     23   1375.0000     15.6155      311.6160       29.5520    48.7320    36.2830    1.7296E+00    3.4980E-01    2.1000E-01       107     69     17      8   0.92    3.7529E-01    3.1759E+01
   276     22   1378.0000     13.2138      297.1580       28.7760    43.8790    35.7257    1.5689E+00    2.3592E-01    1.5000E-01        99     77     17      9   0.90    2.6479E-01    2.8880E+01
   269     21   1382.0000     13.0233      292.0130       26.3160    42.4070    34.8348    1.5657E+00    3.7135E-01    1.6500E-01        96     71     18      9   0.94    3.7433E-01    2.9983E+01
   256     19   1385.0000     14.2472      280.2590       38.6220    31.0410    35.2845    1.6828E+00    3.7135E-01    3.0000E-01        96     61     18     13   0.92    3.7624E-01    2.9255E+01
   244     18   1389.0000     14.7807      273.0840       19.7980    29.5500    34.6186    1.7531E+00    2.6634E-01    1.0500E-01        93     64     16      6   0.93    3.1974E-01    3.1820E+01
   237     17   1392.0000     16.9994      265.3910       26.6120    27.2810    34.6494    1.9352E+00    3.0302E-01    2.2500E-01        93     56     17     10   1.00    3.2521E-01    2.9162E+01
   235     17   1395.0000     14.4161      263.0170       22.5960    25.0990    32.0800    1.7363E+00    2.6648E-01    2.1000E-01        88     61     17      7   1.05    3.2512E-01    3.0329E+01
   235     17   1399.0000     14.5670      263.0110       60.8980    24.8600    30.6390    1.7484E+00    4.9026E-01    5.7000E-01        92     48     15     19   1.14    5.7612E-01    3.2311E+01
   235     17   1402.0000     18.1921      262.9820       30.6760    21.9610    33.5388    2.0275E+00    4.3133E-01    3.6000E-01        92     49     17     10   1.10    4.3963E-01    2.7731E+01
   232     17   1406.0000     21.0898      258.0950       22.9980    20.1870    33.6959    2.2384E+00    5.4646E-01    3.9000E-01        93     47     17      9   0.96    5.7148E-01    2.8622E+01
   231     17   1409.0000     29.1702      256.3590       25.1520    19.3000    33.8943    2.7788E+00    4.4871E-01    3.3000E-01        93     44     15      8   0.89    5.9225E-01    3.1780E+01
   227     17   1413.0000     24.9561      252.0510       48.8600    19.2080    31.9233    2.5128E+00    6.9600E-01    7.2000E-01        92     41     17     17   0.78    7.4902E-01    3.1127E+01
   225     17   1416.0000     22.0028      251.1240       42.5320    30.0300    31.4417    2.3182E+00    5.0911E-01    4.9500E-01        91     47     15     13   0.77    5.4221E-01    3.0292E+01
   224     17   1420.0000     17.2586      250.8210       32.4900    37.7990    29.8775    1.9755E+00    3.8397E-01    2.8500E-01        84     39     14     10   0.80    6.1619E-01    2.9379E+01
   224     17   1423.0000     15.8275      250.8130       18.9140    47.0500    32.8531    1.8647E+00    3.6241E-01    1.9500E-01        80     43     13      5   0.85    4.9718E-01    2.8515E+01
   223     17   1427.0000     14.4395      249.2420       43.9140    52.1110    31.8715    1.7544E+00    4.0854E-01    4.2000E-01        70     46     14     16   0.90    4.8550E-01    2.9928E+01
   217     17   1430.0000     13.0772      244.1160       27.3420    53.1170    32.4536    1.6541E+00    5.1799E-01    3.3000E-01        70     41     12      8   0.92    6.4393E-01    3.1879E+01
   205     15   1434.0000     14.1328      228.9620       40.3960    46.0840    32.6099    1.7559E+00    5.0320E-01    5.2500E-01        70     40     11     12   0.88    6.4927E-01    3.2361E+01
   194     15   1437.0000     14.2893      219.9280       24.2000    44.2160    32.5797    1.7955E+00    5.3193E-01    5.1000E-01        66     40     13      9   0.85    6.9321E-01    2.7418E+01
   181     14   1440.0000     11.5142      202.2230       24.2600    36.6170    31.5242    1.5666E+00    4.9368E-01    4.8000E-01        66     47     12      9   0.78    5.8636E-01    2.9810E+01
   172     14   1444.0000     11.8784      195.2270       31.4600    35.9110    31.0131    1.6225E+00    4.8932E-01    4.3500E-01        64     37     10      9   0.68    7.6909E-01    3.1159E+01
   169     13   1447.0000     16.5654      192.4110       34.0100    36.3610    30.3607    2.0335E+00    5.7118E-01    5.8500E-01        64     27     11     11   0.81    8.1982E-01    2.8645E+01
   167     13   1451.0000     18.7325      188.8630       32.7640    36.8100    30.6432    2.2069E+00    6.6783E-01    7.2000E-01        63     23     13     13   0.82    8.7337E-01    2.3131E+01
   161     11   1454.0000     18.4173      177.8120       40.6420    29.0880    28.6619    2.1787E+00    7.3736E-01    9.3000E-01        64     17     10     15   0.81    1.1295E+00    2.4143E+01
   161     11   1458.0000     20.7956      176.7960       15.2720    24.9290    30.2309    2.3580E+00    5.4185E-01    2.8500E-01        64     27     13      6   0.87    7.7159E-01    2.5776E+01
   161     11   1461.0000     21.4768      176.7840       31.1580    19.4790    28.8569    2.4091E+00    6.3975E-01    4.8000E-01        67     29     13     12   0.93    7.4135E-01    2.6119E+01
   161     11   1465.0000     22.7022      176.7830       38.9700    10.7230    27.8889    2.4999E+00    7.7870E-01    8.4000E-01        72     22     13     14   0.97    9.2914E-01    2.6476E+01
   161     11   1468.0000     19.7052      176.7780       42.5940    10.0340    26.8358    2.2747E+00    6.9628E-01    7.9500E-01        72     19     12     16   0.99    1.0587E+00    2.5820E+01
   161     11   1472.0000     25.2200      176.7770       20.7240    16.0620    26.5365    2.6815E+00    6.2338E-01    4.9500E-01        71     28     13      8   1.03    8.3376E-01    2.6990E+01
   159     11   1475.0000     28.5195      175.4060       25.6280    22.6130    28.6585    2.9214E+00    4.1865E-01    3.3000E-01        68     25     11      9   1.01    9.2486E-01    2.8166E+01
   155     10   1479.0000     29.9155      171.2390       33.4860    28.0560    29.0015    3.0307E+00    7.1509E-01    8.4000E-01        63     14     11     13   0.99    1.1038E+00    2.5879E+01
   150     10   1482.0000     30.7274      165.8890       14.0440    29.4990    28.8662    3.1037E+00    6.4093E-01    4.3500E-01        60     21     12      6   0.94    9.0428E-01    2.5631E+01
   141     10   1486.0000     22.4875      157.0830       31.6380    33.1270    27.8927    2.5533E+00    6.7811E-01    7.2000E-01        55     16     10     12   0.88    1.0959E+00    2.6019E+01
   134      9   1489.0000     17.1271      147.0590       21.9200    31.4110    27.8379    2.1369E+00    7.1135E-01    6.9000E-01        49     24     11     10   0.90    9.3683E-01    2.4394E+01
   127      7   1492.0000     14.9169      138.1060       30.5720    27.6900    27.9512    1.9602E+00    4.5381E-01    5.5500E-01        48     29      9     12   0.90    7.7932E-01    2.4839E+01
   119      7   1496.0000     11.4193      130.1370       27.6020    24.3820    27.3510    1.6609E+00    5.4572E-01    6.4500E-01        44     26      9     11   0.83    8.3621E-01    2.4686E+01
   114      7   1499.0000     13.4390      125.2880       12.1480    21.4050    26.7368    1.8671E+00    4.7578E-01    3.1500E-01        46     24      9      5   0.84    8.7964E-01    2.5909E+01
   106      7   1503.0000     11.2603      118.0650       25.1020    18.6010    26.0983    1.6860E+00    4.2462E-01    4.9500E-01        43     24      9     10   0.71    7.2467E-01    2.5621E+01
   104      7   1506.0000     10.9129      116.5900       22.6740    18.6740    25.7019    1.6596E+00    3.5030E-01    3.6000E-01        42     22      8      8   0.68    9.0474E-01    2.7679E+01
   104      7   1510.0000     13.9664      116.5870       21.2780    17.0380    24.8981    1.9563E+00    3.1435E-01    3.1500E-01        40     27      7      7   0.69    7.4907E-01    2.8103E+01
   104      7   1513.0000     12.8354      116.5830       22.4880    16.2800    24.4577    1.8492E+00    4.0920E-01    4.3500E-01        41     23      8      8   0.74    7.6463E-01    2.5233E+01
   104      7   1517.0000     16.8101      116.5790       14.3160    12.7740    22.7206    2.2135E+00    3.4575E-01    2.8500E-01        43     20      7      4   0.82    9.1377E-01    2.6849E+01
   104      7   1520.0000     18.0379      116.4130       16.1460     9.7200    20.8483    2.3190E+00    5.4137E-01    3.9000E-01        43     22      8      5   0.84    8.1733E-01    2.7885E+01
   104      7   1524.0000     20.8053      115.5270       13.2320    10.3660    21.3066    2.5440E+00    3.0518E-01    1.9500E-01        43     21      7      4   0.85    7.9090E-01    2.6487E+01
   104      7   1527.0000     23.8227      115.5200       10.5280    10.5460    21.7492    2.7843E+00    3.8403E-01    3.1500E-01        45     20      7      3   0.87    9.1653E-01    2.7408E+01
   104      7   1531.0000     19.6927      115.5040       19.1540    18.5840    23.1842    2.4523E+00    3.2267E-01    3.1500E-01        44     19      8      7   0.91    1.0185E+00    2.5933E+01
   103      7   1534.0000     12.3671      114.1380       27.0240    28.8550    25.4095    1.7997E+00    2.6909E-01    3.3000E-01        37     23      6      9   0.94    6.3986E-01    2.6126E+01
   102      7   1537.0000      9.0787      113.3340       15.7460    37.1250    25.8962    1.4681E+00    2.3387E-01    2.7000E-01        33     20      5      5   1.01    9.9069E-01    2.7041E+01
